2 0.000000 100.000000 335.864767
1043 880 
1 -191.951261 0.000000 -202.595736 99.997153 -0.000001 0.414367 0.000040 
2 214.023278 0.000000 -202.595736 99.997170 -0.000004 0.401909 0.000040 
3 214.023278 0.000000 195.781924 100.001147 -0.000006 0.401673 -0.000039 
4 -191.951261 0.000000 195.781924 100.001093 -0.000001 0.414477 -0.000039 
5 11.036008 0.000000 -3.406906 107.953673 0.000004 -2.405208 -0.165978 
6 -191.951261 0.000000 -3.406906 99.998945 -0.000001 0.416577 0.000004 
7 11.036008 0.000000 -202.595736 99.993086 -0.000002 0.408144 0.000122 
8 214.023278 0.000000 -3.406906 100.024492 -0.031439 -5.716302 -0.003758 
9 11.036008 0.000000 195.781924 100.005471 -0.000003 0.408137 -0.000126 
10 112.529643 0.000000 -103.001321 99.991126 -0.000011 0.366359 0.000164 
11 11.036008 0.000000 -103.001321 99.975541 -0.000011 0.390992 0.000474 
12 112.529643 0.000000 -202.595736 99.994930 -0.000003 0.403306 0.000085 
13 214.023278 0.000000 -103.001321 99.997307 -0.000011 0.366401 0.000040 
14 112.529643 0.000000 -3.406906 100.022164 0.000014 -5.515984 -0.003486 
15 -90.457626 0.000000 -103.001321 99.991137 -0.000003 0.415256 0.000160 
16 -191.951261 0.000000 -103.001321 99.997162 -0.000001 0.415533 0.000040 
17 -90.457626 0.000000 -202.595736 99.994941 -0.000001 0.412960 0.000084 
18 -90.457626 0.000000 -3.406906 99.997530 -0.000004 0.424225 0.000031 
19 112.529643 0.000000 96.187509 100.007068 -0.000026 0.365293 -0.000155 
20 11.036008 0.000000 96.187509 100.024706 -0.000010 0.391103 -0.000509 
21 214.023278 0.000000 96.187509 100.001117 -0.000029 0.365324 -0.000036 
22 112.529643 0.000000 195.781924 100.003468 -0.000005 0.403060 -0.000086 
23 61.782826 0.000000 -53.204113 99.966178 -0.000026 0.233590 0.000671 
24 11.036008 0.000000 -53.204113 99.820465 -0.000072 0.331001 0.003577 
25 61.782826 0.000000 -103.001321 99.982392 -0.000012 0.372154 0.000338 
26 112.529643 0.000000 -53.204113 99.991285 -0.000008 0.232058 0.000169 
27 61.782826 0.000000 -3.406906 100.009754 -0.000096 -5.385442 -0.003095 
28 -90.457626 0.000000 96.187509 100.006780 -0.000003 0.416155 -0.000153 
29 -191.951261 0.000000 96.187509 100.000913 -0.000001 0.415697 -0.000036 
30 -90.457626 0.000000 195.781924 100.003413 -0.000001 0.413158 -0.000085 
31 -39.710809 0.000000 -53.204113 99.967012 -0.000015 0.417408 0.000642 
32 -90.457626 0.000000 -53.204113 99.990851 -0.000004 0.419773 0.000165 
33 -39.710809 0.000000 -103.001321 99.982580 -0.000006 0.409554 0.000332 
34 -39.710809 0.000000 -3.406906 99.986601 -0.000015 0.454012 0.000247 
35 61.782826 0.000000 46.390301 100.030033 -0.000105 0.228362 -0.000606 
36 11.036008 0.000000 46.390301 100.101899 -0.001223 0.327561 -0.002050 
37 112.529643 0.000000 46.390301 100.006583 -0.000133 0.229914 -0.000137 
38 61.782826 0.000000 96.187509 100.016496 -0.000020 0.370658 -0.000344 
39 36.409417 0.000000 -28.305510 99.857076 -0.017824 -0.197133 0.002853 
40 11.036008 0.000000 -28.305510 99.688652 -0.018634 0.136524 0.006215 
41 36.409417 0.000000 -53.204113 99.933555 -0.000063 0.256956 0.001322 
42 61.782826 0.000000 -28.305510 99.964200 0.000129 -0.209195 0.000712 
43 36.409417 0.000000 -3.406906 99.921287 -0.000597 -5.489329 -0.001440 
44 -39.710809 0.000000 46.390301 100.028239 -0.000006 0.424551 -0.000583 
45 -90.457626 0.000000 46.390301 100.005685 -0.000004 0.421094 -0.000131 
46 -39.710809 0.000000 96.187509 100.016154 -0.000005 0.411180 -0.000340 
47 -14.337400 0.000000 -28.305510 99.869448 -0.002369 0.408985 0.002593 
48 -39.710809 0.000000 -28.305510 99.963542 -0.000019 0.434261 0.000710 
49 -14.337400 0.000000 -53.204113 99.935605 -0.000036 0.394552 0.001272 
50 -14.337400 0.000000 -3.406906 99.883224 0.000184 0.607324 0.002297 
51 36.409417 0.000000 21.491698 100.118399 0.018894 -0.233003 -0.002375 
52 11.036008 0.000000 21.491698 100.468875 0.017999 0.111284 -0.009401 
53 61.782826 0.000000 21.491698 100.024943 -0.000446 -0.205313 -0.000503 
54 36.409417 0.000000 46.390301 100.068349 -0.000053 0.247012 -0.001374 
55 23.722713 0.000000 -15.856208 99.417437 -0.012075 -1.139143 0.011488 
56 11.036008 0.000000 -15.856208 99.199095 -0.011229 -0.215608 0.015949 
57 23.722713 0.000000 -28.305510 99.751782 -0.016430 -0.094363 0.004957 
58 36.409417 0.000000 -15.856208 99.826813 -0.001766 -1.242322 0.003306 
59 23.722713 0.000000 -3.406906 99.412472 0.002654 -6.078481 0.008021 
60 -14.337400 0.000000 21.491698 100.105386 0.002355 0.469503 -0.002131 
61 -39.710809 0.000000 21.491698 100.020991 -0.000008 0.444615 -0.000440 
62 -14.337400 0.000000 46.390301 100.065965 -0.000004 0.407327 -0.001336 
63 -1.650696 0.000000 -15.856208 99.520906 -0.007648 0.326116 0.009548 
64 -14.337400 0.000000 -15.856208 99.833969 -0.002224 0.463682 0.003296 
65 -1.650696 0.000000 -28.305510 99.773513 -0.007349 0.319877 0.004514 
66 -1.650696 0.000000 -3.406906 99.208152 0.000281 0.977827 0.015679 
67 23.722713 0.000000 9.042396 100.379561 0.010492 -1.369605 -0.007793 
68 11.036008 0.000000 9.042396 101.823967 0.012897 -0.361692 -0.036825 
69 36.409417 0.000000 9.042396 100.077765 0.003799 -1.226578 -0.001706 
70 23.722713 0.000000 21.491698 100.273128 0.024763 -0.174885 -0.005473 
71 17.379361 0.000000 -9.631557 98.201695 -0.005059 -2.119594 0.035193 
72 11.036008 0.000000 -9.631557 98.801781 -0.004215 -0.248046 0.023815 
73 17.379361 0.000000 -15.856208 99.279897 -0.014307 -0.711947 0.014300 
74 23.722713 0.000000 -9.631557 99.242636 -0.002759 -2.798916 0.014307 
75 17.379361 0.000000 -3.406906 96.974254 -0.002605 -8.045744 0.053126 
76 -1.650696 0.000000 9.042396 100.362574 0.007742 0.781274 -0.007326 
77 -14.337400 0.000000 9.042396 100.052212 0.002484 0.557217 -0.001076 
78 -1.650696 0.000000 21.491698 100.263258 0.006093 0.419549 -0.005290 
79 4.692656 0.000000 -9.631557 98.900451 -0.005636 -0.308761 0.021861 
80 -1.650696 0.000000 -9.631557 99.263109 -0.001655 0.446935 0.014664 
81 4.692656 0.000000 -15.856208 99.527957 -0.008370 -0.001509 0.009419 
82 4.692656 0.000000 -3.406906 93.666198 0.000852 2.338886 0.122117 
83 17.379361 0.000000 2.817745 101.183751 0.004978 -3.782340 -0.025246 
84 11.036008 0.000000 2.817745 104.252840 0.010299 -1.278752 -0.087029 
85 23.722713 0.000000 2.817745 100.136637 0.002902 -2.979418 -0.003622 
86 17.379361 0.000000 9.042396 101.090332 0.012948 -1.326695 -0.022102 
87 14.207684 0.000000 -6.519231 96.200544 0.000274 -1.222985 0.074396 
88 11.036008 0.000000 -6.519231 98.514750 -0.002039 1.028330 0.029379 
89 14.207684 0.000000 -9.631557 98.104387 -0.004905 -1.015801 0.037450 
90 17.379361 0.000000 -6.519231 97.162672 0.000841 -3.958070 0.054375 
91 14.207684 0.000000 -3.406906 99.609477 0.002324 -14.186065 -0.012329 
92 163.276460 0.000000 -53.204113 99.996831 -0.000008 0.235717 0.000058 
93 163.276460 0.000000 -103.001321 99.995432 -0.000011 0.365902 0.000078 
94 214.023278 0.000000 -53.204113 99.998491 -0.000008 0.238404 0.000024 
95 163.276460 0.000000 -3.406906 100.023915 -0.000549 -5.650060 -0.003671 
96 87.156234 0.000000 -28.305510 99.987943 0.000161 -0.194632 0.000237 
97 87.156234 0.000000 -53.204113 99.983503 -0.000011 0.230559 0.000325 
98 112.529643 0.000000 -28.305510 99.995395 0.000163 -0.185733 0.000089 
99 87.156234 0.000000 -3.406906 100.019605 -0.000056 -5.439790 -0.003351 
100 49.096121 0.000000 -15.856208 99.935726 -0.003867 -1.218552 0.001137 
101 49.096121 0.000000 -28.305510 99.919374 -0.010351 -0.226138 0.001607 
102 61.782826 0.000000 -15.856208 99.973066 -0.000690 -1.184342 0.000398 
103 49.096121 0.000000 -3.406906 99.991963 0.000006 -5.382214 -0.002736 
104 30.066065 0.000000 -9.631557 99.669321 -0.001155 -2.821793 0.005806 
105 30.066065 0.000000 -15.856208 99.673431 -0.003431 -1.246234 0.006365 
106 36.409417 0.000000 -9.631557 99.837313 0.000121 -2.736100 0.002502 
107 30.066065 0.000000 -3.406906 99.817512 -0.000334 -5.670132 0.000431 
108 20.551037 0.000000 -6.519231 98.562898 0.002123 -4.510542 0.026501 
109 20.551037 0.000000 -9.631557 98.845775 -0.004022 -2.563741 0.022294 
110 23.722713 0.000000 -6.519231 99.231274 0.001353 -4.495504 0.013294 
111 20.551037 0.000000 -3.406906 98.829788 -0.000063 -6.560686 0.018963 
112 4.692656 0.000000 2.817745 101.336748 0.006819 2.273391 -0.027430 
113 -1.650696 0.000000 2.817745 100.146943 0.002348 1.403647 -0.003138 
114 4.692656 0.000000 9.042396 101.124738 0.008946 0.707583 -0.022671 
115 14.207684 0.000000 -0.294581 103.632424 0.000120 -7.578961 -0.079712 
116 11.036008 0.000000 -0.294581 109.169020 0.002679 -3.336995 -0.192901 
117 17.379361 0.000000 -0.294581 100.116912 -0.000264 -6.067728 -0.006021 
118 14.207684 0.000000 2.817745 102.699681 0.005125 -3.360254 -0.055852 
119 15.793523 0.000000 -4.963069 94.252226 0.002124 -4.459193 0.109663 
120 14.207684 0.000000 -4.963069 94.059345 0.001432 -1.137841 0.115154 
121 15.793523 0.000000 -6.519231 96.313575 0.000645 -2.847192 0.071559 
122 17.379361 0.000000 -4.963069 96.567000 0.002392 -5.954779 0.063936 
123 15.793523 0.000000 -3.406906 80.479240 0.003379 -10.545244 0.341189 
124 7.864332 0.000000 -6.519231 100.886853 -0.003413 -1.221613 -0.017965 
125 4.692656 0.000000 -6.519231 97.728099 -0.002681 -1.153368 0.044789 
126 7.864332 0.000000 -9.631557 99.246145 -0.007354 -0.407035 0.015004 
127 7.864332 0.000000 -3.406906 110.051709 0.003287 25.685856 -0.277114 
128 12.621846 0.000000 -4.963069 95.462249 0.000773 1.238021 0.088543 
129 11.036008 0.000000 -4.963069 98.148913 -0.000686 2.853911 0.035865 
130 12.621846 0.000000 -6.519231 97.032131 -0.001928 0.244268 0.058471 
131 12.621846 0.000000 -3.406906 104.420102 0.002220 -8.280933 -0.097213 
132 163.276460 0.000000 46.390301 100.002142 -0.000138 0.231772 -0.000048 
133 214.023278 0.000000 46.390301 100.000886 -0.000140 0.231897 -0.000023 
134 163.276460 0.000000 96.187509 100.002851 -0.000028 0.364994 -0.000070 
135 87.156234 0.000000 21.491698 100.009310 -0.000500 -0.191225 -0.000190 
136 112.529643 0.000000 21.491698 100.004934 -0.000510 -0.188557 -0.000102 
137 87.156234 0.000000 46.390301 100.013306 -0.000126 0.228125 -0.000271 
138 49.096121 0.000000 9.042396 100.028407 0.003804 -1.151339 -0.000701 
139 61.782826 0.000000 9.042396 100.014973 0.000568 -1.119402 -0.000425 
140 49.096121 0.000000 21.491698 100.097113 0.008959 -0.283463 -0.001951 
141 30.066065 0.000000 2.817745 100.025088 0.001092 -2.660753 -0.001210 
142 36.409417 0.000000 2.817745 100.012880 -0.000977 -2.489919 -0.000878 
143 30.066065 0.000000 9.042396 100.174007 0.002643 -1.322568 -0.003658 
144 20.551037 0.000000 -0.294581 99.741789 0.003376 -4.807211 0.002847 
145 23.722713 0.000000 -0.294581 99.800333 0.001393 -4.190129 0.002234 
146 20.551037 0.000000 2.817745 100.448960 0.004245 -3.430170 -0.010176 
147 15.793523 0.000000 -1.850743 99.471997 -0.001219 -9.899515 0.000732 
148 14.207684 0.000000 -1.850743 103.524273 -0.000999 -11.943487 -0.085992 
149 17.379361 0.000000 -1.850743 98.779225 -0.001316 -7.396624 0.018795 
150 15.793523 0.000000 -0.294581 101.263793 -0.000029 -7.129977 -0.030519 
151 15.000604 0.000000 -4.184987 85.143738 0.002986 -9.830565 0.265390 
152 14.207684 0.000000 -4.184987 94.803071 0.002398 -0.648212 0.101196 
153 15.000604 0.000000 -4.963069 93.799193 0.001891 -2.672499 0.119457 
154 15.793523 0.000000 -4.184987 75.875059 0.003514 -9.621970 0.415039 
155 15.000604 0.000000 -3.406906 90.095156 0.002405 -16.412389 0.161350 
156 18.965199 0.000000 -4.963069 97.884900 0.003267 -6.108684 0.038123 
157 18.965199 0.000000 -6.519231 97.968972 0.001501 -4.402607 0.038270 
158 20.551037 0.000000 -4.963069 98.582510 0.004865 -6.060100 0.024476 
159 18.965199 0.000000 -3.406906 98.227717 -0.001753 -7.076492 0.030124 
160 16.586442 0.000000 -4.184987 94.953770 0.001098 -7.456454 0.092818 
161 16.586442 0.000000 -4.963069 95.455938 0.002169 -5.573633 0.085710 
162 17.379361 0.000000 -4.184987 96.517349 0.001073 -7.416290 0.062940 
163 16.586442 0.000000 -3.406906 95.604316 -0.002847 -9.064470 0.077765 
164 7.864332 0.000000 -0.294581 106.486252 0.005113 5.540060 -0.137001 
165 4.692656 0.000000 -0.294581 99.675538 0.004236 4.308097 0.004623 
166 7.864332 0.000000 2.817745 103.379246 0.008577 1.522316 -0.068959 
167 12.621846 0.000000 -1.850743 108.940090 -0.000425 -10.737403 -0.198324 
168 11.036008 0.000000 -1.850743 114.513921 0.001462 -6.661682 -0.315782 
169 12.621846 0.000000 -0.294581 106.674581 0.002599 -6.417230 -0.142065 
170 15.000604 0.000000 -2.628825 99.636685 -0.001886 -14.223745 -0.012978 
171 14.207684 0.000000 -2.628825 103.904586 0.002276 -26.147199 -0.147984 
172 15.793523 0.000000 -2.628825 97.361062 -0.001957 -11.553657 0.038734 
173 15.000604 0.000000 -1.850743 101.087497 -0.001147 -11.286166 -0.034606 
174 15.397063 0.000000 -3.795947 79.100443 0.003208 -8.993649 0.366223 
175 15.000604 0.000000 -3.795947 87.721347 0.002761 -6.001375 0.226895 
176 15.397063 0.000000 -4.184987 82.155356 0.003270 -8.049160 0.318571 
177 15.793523 0.000000 -3.795947 80.211999 0.003365 -10.231471 0.346135 
178 15.397063 0.000000 -3.406906 84.059182 0.003080 -11.079689 0.281129 
179 13.414765 0.000000 -4.184987 95.011619 0.001905 5.370712 0.094395 
180 12.621846 0.000000 -4.184987 96.155720 0.001370 5.768752 0.072080 
181 13.414765 0.000000 -4.963069 94.651107 0.001172 0.158212 0.104114 
182 13.414765 0.000000 -3.406906 103.524146 0.002609 -13.195308 -0.089136 
183 14.604144 0.000000 -3.795947 91.896325 0.002640 -6.172257 0.151697 
184 14.207684 0.000000 -3.795947 97.192298 0.002342 -7.909133 0.049110 
185 14.604144 0.000000 -4.184987 90.505563 0.002486 -4.164268 0.179140 
186 14.604144 0.000000 -3.406906 95.256182 0.002354 -15.878574 0.067413 
187 18.965199 0.000000 -1.850743 99.022476 -0.000831 -6.205849 0.015604 
188 20.551037 0.000000 -1.850743 99.272307 -0.000350 -5.600758 0.011364 
189 18.965199 0.000000 -0.294581 99.788943 -0.000091 -5.292497 0.001416 
190 16.586442 0.000000 -2.628825 97.339814 -0.002079 -9.149869 0.044124 
191 17.379361 0.000000 -2.628825 97.851092 -0.001960 -7.854415 0.036347 
192 16.586442 0.000000 -1.850743 98.842009 -0.001372 -8.461461 0.015866 
193 15.397063 0.000000 -3.017865 81.319256 0.003375 -10.944495 0.326740 
194 15.000604 0.000000 -3.017865 88.012872 0.002889 -12.089430 0.210758 
195 15.793523 0.000000 -3.017865 74.861574 0.004279 -16.195673 0.413344 
196 15.397063 0.000000 -2.628825 98.170025 -0.001943 -13.057973 0.019214 
197 15.198833 0.000000 -3.601426 86.391407 0.003682 -14.128204 0.233692 
198 15.000604 0.000000 -3.601426 89.976302 0.002583 -14.419403 0.169635 
199 15.198833 0.000000 -3.795947 85.562046 0.003159 -8.028636 0.261468 
200 15.397063 0.000000 -3.601426 80.134368 0.003483 -11.152812 0.345410 
201 15.198833 0.000000 -3.406906 86.499573 0.003135 -15.084447 0.229028 
202 9.450170 0.000000 -4.963069 101.323487 -0.001298 3.370563 -0.027781 
203 7.864332 0.000000 -4.963069 105.891121 -0.001431 -1.294532 -0.121461 
204 9.450170 0.000000 -6.519231 100.245736 -0.003495 0.662270 -0.004965 
205 9.450170 0.000000 -3.406906 112.950224 0.001686 4.083720 -0.277443 
206 9.450170 0.000000 -1.850743 121.161582 0.002798 3.318944 -0.469114 
207 7.864332 0.000000 -1.850743 110.775976 0.003569 12.305588 -0.242274 
208 9.450170 0.000000 -0.294581 109.576908 0.006288 1.363812 -0.200896 
209 10.243089 0.000000 -4.184987 99.197156 -0.001436 5.352229 0.013128 
210 9.450170 0.000000 -4.184987 100.891999 0.000011 4.831357 -0.020254 
211 10.243089 0.000000 -4.963069 98.835685 -0.002063 5.351406 0.020287 
212 11.036008 0.000000 -4.184987 98.215411 -0.001138 5.707835 0.032115 
213 10.243089 0.000000 -3.406906 109.296869 0.000077 0.764845 -0.194639 
214 -141.204444 0.000000 -53.204113 99.996195 -0.000002 0.417527 0.000059 
215 -191.951261 0.000000 -53.204113 99.997811 -0.000001 0.416224 0.000026 
216 -141.204444 0.000000 -103.001321 99.995332 -0.000002 0.415848 0.000076 
217 -141.204444 0.000000 -3.406906 99.998668 -0.000002 0.418570 0.000009 
218 -65.084218 0.000000 -28.305510 99.986100 -0.000008 0.427297 0.000260 
219 -90.457626 0.000000 -28.305510 99.993175 -0.000005 0.422597 0.000119 
220 -65.084218 0.000000 -53.204113 99.983425 -0.000007 0.420623 0.000314 
221 -65.084218 0.000000 -3.406906 99.995334 -0.000008 0.432061 0.000075 
222 -27.024105 0.000000 -15.856208 99.934391 -0.000222 0.457143 0.001291 
223 -39.710809 0.000000 -15.856208 99.970725 -0.000018 0.445896 0.000566 
224 -27.024105 0.000000 -28.305510 99.932955 -0.000033 0.432422 0.001322 
225 -27.024105 0.000000 -3.406906 99.965341 0.000053 0.482815 0.000670 
226 -7.994048 0.000000 -9.631557 99.662549 -0.001984 0.569192 0.006705 
227 -14.337400 0.000000 -9.631557 99.824878 -0.001173 0.547886 0.003469 
228 -7.994048 0.000000 -15.856208 99.621661 -0.004329 0.548093 0.007522 
229 -7.994048 0.000000 -3.406906 99.740739 0.000286 0.815216 0.005112 
230 1.520980 0.000000 -6.519231 98.447051 -0.002085 0.428696 0.030799 
231 -1.650696 0.000000 -6.519231 99.162301 -0.000901 0.543783 0.016654 
232 1.520980 0.000000 -9.631557 99.032156 -0.003863 0.096243 0.019262 
233 1.520980 0.000000 -3.406906 98.281697 0.000706 1.407943 0.033873 
234 6.278494 0.000000 -4.963069 96.978128 -0.000961 -7.297335 0.054199 
235 4.692656 0.000000 -4.963069 95.500486 -0.000935 -1.112459 0.087842 
236 6.278494 0.000000 -6.519231 98.962931 -0.002955 -2.388585 0.020063 
237 6.278494 0.000000 -3.406906 45.209756 0.000866 6.679009 0.791147 
238 8.657251 0.000000 -4.184987 103.169619 0.002742 3.487817 -0.065614 
239 7.864332 0.000000 -4.184987 107.838197 0.006869 -4.353727 -0.164803 
240 8.657251 0.000000 -4.963069 103.879970 -0.002158 2.140810 -0.079563 
241 8.657251 0.000000 -3.406906 111.668072 0.002759 9.733501 -0.256450 
242 -141.204444 0.000000 46.390301 100.001377 -0.000002 0.417866 -0.000045 
243 -191.951261 0.000000 46.390301 100.000139 -0.000001 0.416342 -0.000020 
244 -141.204444 0.000000 96.187509 100.002625 -0.000002 0.416223 -0.000070 
245 -65.084218 0.000000 21.491698 100.006431 -0.000006 0.429999 -0.000147 
246 -90.457626 0.000000 21.491698 100.002364 -0.000004 0.423545 -0.000065 
247 -65.084218 0.000000 46.390301 100.012149 -0.000005 0.423628 -0.000261 
248 -27.024105 0.000000 9.042396 100.012825 0.000241 0.480645 -0.000280 
249 -39.710809 0.000000 9.042396 100.006150 -0.000011 0.453290 -0.000144 
250 -27.024105 0.000000 21.491698 100.043399 -0.000006 0.458634 -0.000889 
251 -7.994048 0.000000 2.817745 99.963790 0.002483 0.771267 0.000665 
252 -14.337400 0.000000 2.817745 99.979533 0.001510 0.626219 0.000370 
253 -7.994048 0.000000 9.042396 100.158892 0.004601 0.721188 -0.003232 
254 1.520980 0.000000 -0.294581 99.315689 0.003718 1.952741 0.013258 
255 -1.650696 0.000000 -0.294581 99.611215 0.001397 1.315632 0.007588 
256 1.520980 0.000000 2.817745 100.296684 0.004426 1.718301 -0.006238 
257 6.278494 0.000000 -1.850743 98.359813 0.002782 11.264074 0.019847 
258 4.692656 0.000000 -1.850743 96.867042 0.002605 4.906315 0.059270 
259 6.278494 0.000000 -0.294581 101.973306 0.004546 6.168795 -0.043661 
260 7.071413 0.000000 -4.184987 88.857358 0.005745 -19.110385 0.173916 
261 6.278494 0.000000 -4.184987 54.643089 0.002164 -20.396479 0.659812 
262 7.071413 0.000000 -4.963069 103.675190 -0.001033 -6.767864 -0.079435 
263 7.071413 0.000000 -3.406906 79.985958 0.002294 19.799924 0.321021 
264 7.071413 0.000000 -2.628825 94.045149 0.001661 45.323697 -0.089873 
265 6.278494 0.000000 -2.628825 91.672389 0.001716 15.148840 0.136669 
266 7.864332 0.000000 -2.628825 115.407118 0.002494 26.861073 -0.404032 
267 7.071413 0.000000 -1.850743 103.848550 0.003162 13.944403 -0.097897 
268 7.467873 0.000000 -3.795947 99.843362 0.005360 -0.417887 0.003113 
269 7.071413 0.000000 -3.795947 83.371139 0.004504 -5.643353 0.301741 
270 7.467873 0.000000 -4.184987 108.737290 0.007823 -12.333167 -0.197591 
271 7.864332 0.000000 -3.795947 107.680301 0.006706 -4.701424 -0.161715 
272 7.467873 0.000000 -3.406906 102.212151 0.003700 21.369100 -0.090396 
273 3.106818 0.000000 -4.963069 97.235085 -0.000761 0.470920 0.054512 
274 1.520980 0.000000 -4.963069 98.231557 -0.000706 0.805848 0.034991 
275 3.106818 0.000000 -6.519231 97.954933 -0.002193 -0.065427 0.040483 
276 3.106818 0.000000 -3.406906 97.060912 0.000712 1.668484 0.057640 
277 5.485575 0.000000 -4.184987 90.623182 -0.000031 -2.366324 0.178184 
278 4.692656 0.000000 -4.184987 94.054475 -0.000039 0.078883 0.115375 
279 5.485575 0.000000 -4.963069 94.791349 -0.000915 -3.469047 0.100257 
280 5.485575 0.000000 -3.406906 88.686199 0.000805 3.181981 0.212463 
281 6.674954 0.000000 -3.795947 63.099258 0.002213 -24.799665 0.540346 
282 6.278494 0.000000 -3.795947 54.496407 0.001783 -5.423270 0.700073 
283 6.674954 0.000000 -4.184987 67.672078 0.003159 -12.185902 0.527199 
284 6.674954 0.000000 -3.406906 60.522420 0.001241 33.363531 0.522391 
285 3.106818 0.000000 -1.850743 97.986142 0.002158 2.660148 0.039164 
286 1.520980 0.000000 -1.850743 98.717883 0.002096 1.821120 0.025146 
287 3.106818 0.000000 -0.294581 99.244918 0.003510 2.817375 0.014251 
288 5.485575 0.000000 -2.628825 92.597525 0.001628 7.204451 0.137379 
289 4.692656 0.000000 -2.628825 94.952454 0.001736 4.249519 0.096597 
290 5.485575 0.000000 -1.850743 96.635105 0.002521 7.446182 0.060621 
291 5.882035 0.000000 -3.795947 38.197330 0.000857 -12.113221 0.839423 
292 5.485575 0.000000 -3.795947 88.823256 0.000391 0.017139 0.211043 
293 5.882035 0.000000 -4.184987 88.136112 0.000027 -5.918934 0.219699 
294 5.882035 0.000000 -3.406906 25.099589 0.000213 8.418495 0.929914 
295 6.674954 0.000000 -3.017865 63.703929 0.000964 37.187602 0.455889 
296 6.278494 0.000000 -3.017865 41.284437 0.000522 25.805445 0.762967 
297 7.071413 0.000000 -3.017865 87.466461 0.001474 45.031136 0.032182 
298 6.674954 0.000000 -2.628825 84.201026 0.001351 51.058667 0.030320 
299 6.476724 0.000000 -3.601426 41.046067 0.001019 14.318217 0.811021 
300 6.278494 0.000000 -3.601426 53.731563 0.001692 -2.437420 0.710698 
301 6.476724 0.000000 -3.795947 45.195152 0.001477 -16.584378 0.768236 
302 6.674954 0.000000 -3.601426 50.573905 0.001572 15.353727 0.720654 
303 6.476724 0.000000 -3.406906 58.307867 0.001424 18.685754 0.625104 
304 8.657251 0.000000 -2.628825 119.831715 0.002592 14.315007 -0.456456 
305 9.450170 0.000000 -2.628825 120.840619 0.002582 2.795081 -0.461027 
306 8.657251 0.000000 -1.850743 115.431047 0.004387 7.660506 -0.338301 
307 7.467873 0.000000 -3.017865 104.061329 0.001969 38.615457 -0.231991 
308 7.864332 0.000000 -3.017865 113.247202 0.002439 29.902941 -0.371911 
309 7.467873 0.000000 -2.628825 109.903995 0.002241 33.800811 -0.322138 
310 6.873184 0.000000 -3.212386 79.445918 0.001632 32.181628 0.265269 
311 6.674954 0.000000 -3.212386 65.514028 0.001466 25.812082 0.504165 
312 6.873184 0.000000 -3.406906 73.091804 0.001979 24.804662 0.404232 
313 7.071413 0.000000 -3.212386 80.533423 0.001735 27.188036 0.277518 
314 6.873184 0.000000 -3.017865 76.664503 0.001253 38.779011 0.261874 
315 10.243089 0.000000 -2.628825 119.722797 0.001898 -5.733782 -0.436642 
316 11.036008 0.000000 -2.628825 118.223694 0.001205 -11.063660 -0.409925 
317 10.243089 0.000000 -1.850743 119.623167 0.001529 -7.348136 -0.436370 
318 13.414765 0.000000 -2.628825 110.028432 0.003139 -22.773436 -0.262489 
319 12.621846 0.000000 -2.628825 113.638688 0.002223 -19.214443 -0.328295 
320 13.414765 0.000000 -1.850743 106.265034 -0.000741 -11.734966 -0.142997 
321 14.604144 0.000000 -3.017865 97.890213 0.002164 -21.142838 -0.002951 
322 14.207684 0.000000 -3.017865 102.438059 0.002423 -20.608191 -0.091825 
323 14.604144 0.000000 -2.628825 101.448038 -0.001783 -14.884924 -0.051327 
324 14.802374 0.000000 -3.601426 91.120054 0.002420 -11.860476 0.155646 
325 14.604144 0.000000 -3.601426 93.324980 0.002372 -12.496597 0.113428 
326 14.802374 0.000000 -3.795947 90.268787 0.002601 -8.980768 0.177089 
327 14.802374 0.000000 -3.406906 91.453421 0.002380 -14.265042 0.143278 
328 61.782826 0.000000 -152.798528 99.990110 -0.000005 0.397235 0.000182 
329 11.036008 0.000000 -152.798528 99.988462 -0.000005 0.403641 0.000214 
330 61.782826 0.000000 -202.595736 99.993653 -0.000003 0.405283 0.000111 
331 112.529643 0.000000 -152.798528 99.993212 -0.000006 0.393753 0.000120 
332 36.409417 0.000000 -78.102717 99.963806 -0.000024 0.349469 0.000712 
333 11.036008 0.000000 -78.102717 99.958033 -0.000024 0.373801 0.000825 
334 36.409417 0.000000 -103.001321 99.977588 -0.000012 0.379962 0.000434 
335 61.782826 0.000000 -78.102717 99.975377 -0.000019 0.335550 0.000481 
336 23.722713 0.000000 -40.754812 99.862628 -0.005971 0.179552 0.002742 
337 11.036008 0.000000 -40.754812 99.847717 -0.005950 0.263685 0.003036 
338 23.722713 0.000000 -53.204113 99.917211 -0.000074 0.284070 0.001647 
339 36.409417 0.000000 -40.754812 99.892973 -0.004796 0.127575 0.002138 
340 17.379361 0.000000 -22.080859 99.444572 -0.005752 -0.287587 0.011069 
341 11.036008 0.000000 -22.080859 99.541590 -0.007603 -0.016533 0.009147 
342 17.379361 0.000000 -28.305510 99.681480 -0.024379 0.000685 0.006360 
343 23.722713 0.000000 -22.080859 99.599566 -0.003464 -0.443724 0.007973 
344 14.207684 0.000000 -12.743882 98.772909 -0.010920 -0.729254 0.024338 
345 11.036008 0.000000 -12.743882 98.898514 -0.011568 -0.334729 0.021897 
346 14.207684 0.000000 -15.856208 99.115422 -0.012687 -0.459860 0.017592 
347 17.379361 0.000000 -12.743882 98.914393 -0.006035 -1.178828 0.021455 
348 15.793523 0.000000 -8.075394 97.412971 -0.000492 -2.069852 0.050643 
349 14.207684 0.000000 -8.075394 97.418841 -0.003665 -1.132440 0.050829 
350 15.793523 0.000000 -9.631557 98.031573 -0.004987 -1.609121 0.038722 
351 17.379361 0.000000 -8.075394 97.768467 -0.000398 -2.783242 0.043358 
352 15.000604 0.000000 -5.741150 95.179575 0.001143 -2.342121 0.093536 
353 14.207684 0.000000 -5.741150 95.279117 0.000890 -1.196795 0.092046 
354 15.000604 0.000000 -6.519231 96.147435 0.000475 -2.038605 0.075151 
355 15.793523 0.000000 -5.741150 95.488892 0.001350 -3.460125 0.086990 
356 15.397063 0.000000 -4.574028 92.891870 0.002395 -3.901175 0.135588 
357 15.000604 0.000000 -4.574028 92.909009 0.002271 -2.812181 0.136001 
358 15.397063 0.000000 -4.963069 93.905946 0.002013 -3.540804 0.116914 
359 15.793523 0.000000 -4.574028 93.357231 0.002500 -5.101720 0.125840 
360 15.198833 0.000000 -3.990467 84.362164 0.003041 -10.008775 0.278285 
361 15.000604 0.000000 -3.990467 86.478182 0.002946 -6.840631 0.247473 
362 15.198833 0.000000 -4.184987 82.656686 0.003253 -7.787830 0.310722 
363 15.397063 0.000000 -3.990467 81.939912 0.003282 -8.261864 0.321759 
364 15.099718 0.000000 -3.698687 86.751306 0.003122 -10.505419 0.236385 
365 15.000604 0.000000 -3.698687 88.047366 0.002883 -8.853264 0.216928 
366 15.099718 0.000000 -3.795947 86.466136 0.003086 -9.310131 0.243693 
367 15.198833 0.000000 -3.698687 85.808605 0.003427 -10.068916 0.253550 
368 15.099718 0.000000 -3.601426 87.144876 0.003084 -12.204261 0.225683 
369 16.189982 0.000000 -3.795947 71.375206 0.003217 -9.163135 0.482162 
370 16.189982 0.000000 -4.184987 93.669396 0.001179 -7.223593 0.117386 
371 16.586442 0.000000 -3.795947 95.063003 -0.000061 -8.452810 0.089158 
372 16.189982 0.000000 -3.406906 71.375206 0.003217 -9.163135 0.482162 
373 15.595293 0.000000 -3.601426 80.373424 0.003378 -10.435932 0.343120 
374 15.595293 0.000000 -3.795947 76.576352 0.003272 -9.571050 0.404446 
375 15.793523 0.000000 -3.601426 80.281873 0.003374 -10.390392 0.344686 
376 15.595293 0.000000 -3.406906 80.624768 0.003384 -10.649340 0.338624 
377 15.297948 0.000000 -3.698687 81.864010 0.003535 -10.229991 0.319363 
378 15.297948 0.000000 -3.795947 81.499247 0.003312 -8.603645 0.328385 
379 15.397063 0.000000 -3.698687 77.564580 0.003432 -10.487860 0.387374 
380 15.297948 0.000000 -3.601426 85.655126 0.003647 -14.172390 0.246234 
381 26.894389 0.000000 -6.519231 99.563039 0.001648 -4.394585 0.006789 
382 26.894389 0.000000 -9.631557 99.503968 -0.004869 -2.842657 0.009088 
383 30.066065 0.000000 -6.519231 99.719652 0.000903 -4.336723 0.003718 
384 26.894389 0.000000 -3.406906 99.690934 0.000804 -5.766700 0.002846 
385 22.136875 0.000000 -4.963069 99.002614 0.006148 -5.990836 0.016259 
386 22.136875 0.000000 -6.519231 98.963464 0.000864 -4.521447 0.018579 
387 23.722713 0.000000 -4.963069 99.279429 0.006992 -5.909245 0.010868 
388 22.136875 0.000000 -3.406906 99.181847 0.002836 -6.296151 0.012332 
389 19.758118 0.000000 -4.184987 98.362952 0.001863 -6.978090 0.027604 
390 18.965199 0.000000 -4.184987 97.970699 0.001468 -7.089449 0.035148 
391 19.758118 0.000000 -4.963069 98.280481 0.003884 -6.094409 0.030381 
392 20.551037 0.000000 -4.184987 98.659072 0.003304 -6.887115 0.021896 
393 19.758118 0.000000 -3.406906 98.569109 -0.001146 -6.819021 0.023763 
394 18.172280 0.000000 -4.184987 97.390834 0.001306 -7.281626 0.046200 
395 18.172280 0.000000 -4.963069 97.330939 0.002850 -6.104172 0.048943 
396 18.172280 0.000000 -3.406906 97.728062 -0.002142 -7.500303 0.039297 
397 26.894389 0.000000 -0.294581 99.871637 0.000337 -3.891778 0.001051 
398 30.066065 0.000000 -0.294581 99.918541 0.000980 -3.777655 0.000201 
399 26.894389 0.000000 2.817745 100.058152 0.004935 -2.783114 -0.001938 
400 22.136875 0.000000 -1.850743 99.467980 0.001221 -5.248335 0.007858 
401 23.722713 0.000000 -1.850743 99.603605 0.000952 -5.006992 0.005405 
402 22.136875 0.000000 -0.294581 99.762744 0.001921 -4.440291 0.002768 
403 19.758118 0.000000 -2.628825 98.848832 -0.000849 -6.308329 0.018911 
404 18.965199 0.000000 -2.628825 98.604187 -0.001271 -6.618321 0.023341 
405 20.551037 0.000000 -2.628825 99.040578 -0.000303 -6.016289 0.015477 
406 19.758118 0.000000 -1.850743 99.155938 -0.000603 -5.859984 0.013376 
407 19.361658 0.000000 -3.795947 98.276370 0.000408 -7.136558 0.029082 
408 18.965199 0.000000 -3.795947 98.076391 0.000246 -7.230463 0.032874 
409 19.361658 0.000000 -4.184987 98.179709 0.001615 -7.043258 0.031114 
410 19.758118 0.000000 -3.795947 98.450988 0.000674 -7.031191 0.025797 
411 19.361658 0.000000 -3.406906 98.413733 -0.001544 -6.917466 0.026689 
412 18.172280 0.000000 -2.628825 98.274934 -0.001572 -7.139938 0.029106 
413 18.172280 0.000000 -1.850743 98.880477 -0.001011 -6.715315 0.017756 
414 18.568739 0.000000 -3.795947 97.827436 0.000144 -7.395853 0.037509 
415 18.172280 0.000000 -3.795947 97.521755 0.000083 -7.554664 0.043243 
416 18.568739 0.000000 -4.184987 97.709797 0.001370 -7.196141 0.040101 
417 18.568739 0.000000 -3.406906 98.002844 -0.001965 -7.284618 0.034238 
418 20.551037 0.000000 -12.743882 99.023172 -0.005449 -1.642170 0.019171 
419 20.551037 0.000000 -15.856208 99.302343 -0.014177 -0.972976 0.013810 
420 23.722713 0.000000 -12.743882 99.333547 -0.009076 -1.770704 0.012971 
421 18.965199 0.000000 -8.075394 98.266980 0.000067 -3.180947 0.033348 
422 18.965199 0.000000 -9.631557 98.487069 -0.004734 -2.457322 0.029426 
423 20.551037 0.000000 -8.075394 98.648584 -0.002495 -3.440199 0.025662 
424 19.758118 0.000000 -5.741150 98.267070 0.002810 -5.198326 0.031656 
425 18.965199 0.000000 -5.741150 97.905234 0.002405 -5.146440 0.038808 
426 19.758118 0.000000 -6.519231 98.319633 0.001800 -4.430073 0.031362 
427 20.551037 0.000000 -5.741150 98.555339 0.003386 -5.208097 0.025972 
428 19.361658 0.000000 -4.574028 98.122510 0.003936 -6.626260 0.032807 
429 18.965199 0.000000 -4.574028 97.913705 0.003657 -6.630455 0.036894 
430 19.361658 0.000000 -4.963069 98.094567 0.003557 -6.109034 0.034014 
431 19.758118 0.000000 -4.574028 98.309970 0.004298 -6.590340 0.029172 
432 19.163428 0.000000 -3.990467 98.125585 0.000907 -7.176051 0.031987 
433 18.965199 0.000000 -3.990467 98.016947 0.000846 -7.208780 0.034071 
434 19.163428 0.000000 -4.184987 98.080992 0.001533 -7.069612 0.033014 
435 19.361658 0.000000 -3.990467 98.222552 0.000986 -7.138102 0.030138 
436 19.163428 0.000000 -3.795947 98.182182 0.000318 -7.185418 0.030863 
437 42.752769 0.000000 -9.631557 99.921900 0.000429 -2.643244 0.000863 
438 42.752769 0.000000 -15.856208 99.897670 -0.001822 -1.231204 0.001894 
439 49.096121 0.000000 -9.631557 99.956909 0.000346 -2.603347 0.000184 
440 42.752769 0.000000 -3.406906 99.970793 -0.000335 -5.401505 -0.002334 
441 33.237741 0.000000 -6.519231 99.807441 0.001818 -4.255015 0.002037 
442 33.237741 0.000000 -9.631557 99.771404 -0.000655 -2.763922 0.003803 
443 36.409417 0.000000 -6.519231 99.874640 0.002522 -4.168757 0.000768 
444 33.237741 0.000000 -3.406906 99.880314 -0.000812 -5.591452 -0.000734 
445 42.752769 0.000000 2.817745 100.006025 0.000533 -2.387698 -0.000691 
446 49.096121 0.000000 2.817745 100.006751 0.001156 -2.351204 -0.000688 
447 42.752769 0.000000 9.042396 100.043693 0.003247 -1.178462 -0.001013 
448 33.237741 0.000000 -0.294581 99.960865 0.000067 -3.762472 -0.000633 
449 36.409417 0.000000 -0.294581 99.961690 -0.000376 -3.553593 -0.000497 
450 33.237741 0.000000 2.817745 100.015538 0.000958 -2.548552 -0.000960 
451 31.651903 0.000000 -4.963069 99.815378 0.004428 -5.573750 0.000582 
452 30.066065 0.000000 -4.963069 99.767393 0.004423 -5.642517 0.001463 
453 31.651903 0.000000 -6.519231 99.773437 0.001714 -4.287987 0.002687 
454 33.237741 0.000000 -4.963069 99.843644 0.004377 -5.525432 0.000072 
455 31.651903 0.000000 -3.406906 99.855665 -0.000825 -5.618865 -0.000273 
456 39.581093 0.000000 -6.519231 99.919045 0.002863 -4.102840 -0.000065 
457 39.581093 0.000000 -9.631557 99.890721 -0.000895 -2.673425 0.001470 
458 42.752769 0.000000 -6.519231 99.943971 0.002616 -4.065095 -0.000532 
459 39.581093 0.000000 -3.406906 99.952774 -0.000445 -5.421814 -0.001995 
460 34.823579 0.000000 -4.963069 99.864468 0.004680 -5.471336 -0.000285 
461 34.823579 0.000000 -6.519231 99.840035 0.002425 -4.228313 0.001409 
462 36.409417 0.000000 -4.963069 99.896607 0.004982 -5.424026 -0.000875 
463 34.823579 0.000000 -3.406906 99.899379 -0.000758 -5.543068 -0.001061 
464 31.651903 0.000000 -1.850743 99.890698 -0.000803 -4.510875 0.000150 
465 30.066065 0.000000 -1.850743 99.865132 -0.000003 -4.569010 0.000608 
466 33.237741 0.000000 -1.850743 99.911650 -0.000587 -4.474171 -0.000236 
467 31.651903 0.000000 -0.294581 99.931564 -0.000191 -3.716894 -0.000013 
468 32.444822 0.000000 -4.184987 99.855437 0.002670 -6.092172 -0.000822 
469 31.651903 0.000000 -4.184987 99.839721 0.002896 -6.106130 -0.000525 
470 32.444822 0.000000 -4.963069 99.833163 0.004222 -5.534792 0.000271 
471 33.237741 0.000000 -4.184987 99.865874 0.002731 -6.068867 -0.001002 
472 32.444822 0.000000 -3.406906 99.870248 -0.000867 -5.609803 -0.000554 
473 28.480227 0.000000 -4.963069 99.697171 0.005282 -5.705188 0.002792 
474 26.894389 0.000000 -4.963069 99.615134 0.005938 -5.733278 0.004395 
475 28.480227 0.000000 -6.519231 99.643573 0.000172 -4.396844 0.005183 
476 28.480227 0.000000 -3.406906 99.759563 -0.000041 -5.727817 0.001522 
477 30.858984 0.000000 -4.184987 99.820390 0.003170 -6.136141 -0.000176 
478 30.066065 0.000000 -4.184987 99.795155 0.003320 -6.165534 0.000291 
479 30.858984 0.000000 -4.963069 99.794431 0.004457 -5.608806 0.000961 
480 30.858984 0.000000 -3.406906 99.838981 -0.000502 -5.644101 0.000032 
481 30.066065 0.000000 -22.080859 99.734334 -0.003065 -0.541349 0.005277 
482 30.066065 0.000000 -28.305510 99.804528 -0.017937 -0.162072 0.003903 
483 36.409417 0.000000 -22.080859 99.836790 -0.004830 -0.557028 0.003231 
484 33.237741 0.000000 -12.743882 99.745894 -0.001581 -1.879572 0.004722 
485 30.066065 0.000000 -12.743882 99.651596 -0.004571 -1.886214 0.006600 
486 33.237741 0.000000 -15.856208 99.753345 -0.000552 -1.266647 0.004767 
487 36.409417 0.000000 -12.743882 99.819824 -0.000846 -1.843963 0.003260 
488 31.651903 0.000000 -8.075394 99.745095 0.000942 -3.436472 0.003911 
489 30.066065 0.000000 -8.075394 99.686984 -0.001092 -3.470384 0.005046 
490 31.651903 0.000000 -9.631557 99.715769 -0.002221 -2.810499 0.004887 
491 33.237741 0.000000 -8.075394 99.789155 0.000323 -3.398950 0.003057 
492 32.444822 0.000000 -5.741150 99.807038 0.002640 -4.845141 0.001508 
493 31.651903 0.000000 -5.741150 99.792264 0.002822 -4.852365 0.001796 
494 32.444822 0.000000 -6.519231 99.788660 0.001128 -4.283733 0.002387 
495 33.237741 0.000000 -5.741150 99.823514 0.002890 -4.812826 0.001210 
496 32.048362 0.000000 -4.574028 99.837078 0.003638 -5.929486 -0.000260 
497 31.651903 0.000000 -4.574028 99.828262 0.003710 -5.944872 -0.000102 
498 32.048362 0.000000 -4.963069 99.824590 0.004402 -5.558334 0.000416 
499 32.444822 0.000000 -4.574028 99.844478 0.003476 -5.926054 -0.000404 
500 32.048362 0.000000 -4.184987 99.848132 0.002798 -6.093572 -0.000678 
501 39.581093 0.000000 -0.294581 99.977608 -0.000500 -3.511449 -0.000785 
502 42.752769 0.000000 -0.294581 99.986675 0.000220 -3.479696 -0.000944 
503 39.581093 0.000000 2.817745 100.006683 0.002050 -2.413414 -0.000716 
504 34.823579 0.000000 -1.850743 99.929119 -0.000752 -4.425858 -0.000542 
505 36.409417 0.000000 -1.850743 99.943168 -0.000745 -4.375078 -0.000778 
506 34.823579 0.000000 -0.294581 99.958669 -0.000282 -3.644739 -0.000502 
507 34.030660 0.000000 -4.184987 99.876961 0.002945 -6.028283 -0.001175 
508 34.030660 0.000000 -4.963069 99.857460 0.004561 -5.482042 -0.000157 
509 34.823579 0.000000 -4.184987 99.879405 0.003106 -6.013373 -0.001206 
510 34.030660 0.000000 -3.406906 99.891925 -0.000726 -5.554948 -0.000925 
511 32.841281 0.000000 -4.574028 99.848484 0.003328 -5.919994 -0.000477 
512 32.841281 0.000000 -4.963069 99.836019 0.004065 -5.548879 0.000198 
513 33.237741 0.000000 -4.574028 99.855314 0.003581 -5.896446 -0.000585 
514 32.841281 0.000000 -4.184987 99.859667 0.002541 -6.089818 -0.000904 
515 32.444822 0.000000 -2.628825 99.884245 -0.000895 -4.980750 -0.000167 
516 31.651903 0.000000 -2.628825 99.872060 -0.000995 -5.011775 0.000045 
517 33.237741 0.000000 -2.628825 99.895157 -0.000846 -4.979327 -0.000384 
518 32.444822 0.000000 -1.850743 99.900767 -0.000608 -4.477365 -0.000021 
519 32.841281 0.000000 -3.795947 99.867926 -0.000848 -5.927124 -0.000873 
520 32.444822 0.000000 -3.795947 99.863409 -0.000751 -5.926959 -0.000783 
521 33.237741 0.000000 -3.795947 99.873619 -0.000702 -5.908521 -0.000965 
522 32.841281 0.000000 -3.406906 99.875082 -0.000897 -5.610055 -0.000650 
523 32.643052 0.000000 -4.379508 99.851889 0.003220 -6.051234 -0.000702 
524 32.444822 0.000000 -4.379508 99.850309 0.003241 -6.049973 -0.000669 
525 32.643052 0.000000 -4.574028 99.845974 0.003465 -5.925903 -0.000433 
526 32.841281 0.000000 -4.379508 99.854421 0.003098 -6.045886 -0.000746 
527 32.643052 0.000000 -4.184987 99.857099 0.002644 -6.094311 -0.000858 
528 34.823579 0.000000 -8.075394 99.819657 0.000881 -3.389554 0.002455 
529 34.823579 0.000000 -9.631557 99.802923 0.000084 -2.759198 0.003176 
530 36.409417 0.000000 -8.075394 99.852840 0.001288 -3.351148 0.001818 
531 34.030660 0.000000 -5.741150 99.841718 0.003081 -4.775816 0.000882 
532 34.030660 0.000000 -6.519231 99.828856 0.002040 -4.220147 0.001639 
533 34.823579 0.000000 -5.741150 99.855745 0.003202 -4.744777 0.000632 
534 33.634200 0.000000 -4.574028 99.864460 0.003657 -5.865147 -0.000731 
535 33.634200 0.000000 -4.963069 99.853760 0.004441 -5.495542 -0.000097 
536 34.030660 0.000000 -4.574028 99.867216 0.003815 -5.851786 -0.000770 
537 33.634200 0.000000 -4.184987 99.874401 0.002791 -6.039846 -0.001138 
538 37.995255 0.000000 -4.963069 99.916794 0.005100 -5.399178 -0.001252 
539 37.995255 0.000000 -6.519231 99.894926 0.002713 -4.151108 0.000377 
540 39.581093 0.000000 -4.963069 99.937412 0.005198 -5.339753 -0.001600 
541 37.995255 0.000000 -3.406906 99.936852 -0.000469 -5.471798 -0.001731 
542 35.616498 0.000000 -4.184987 99.890739 0.046633 -6.000941 -0.001417 
543 35.616498 0.000000 -4.963069 99.876052 0.004889 -5.465794 -0.000510 
544 36.409417 0.000000 -4.184987 99.909995 0.066113 -5.958418 -0.001751 
545 35.616498 0.000000 -3.406906 99.907535 -0.000655 -5.530641 -0.001210 
546 34.427120 0.000000 -4.574028 99.868225 0.003958 -5.851706 -0.000790 
547 34.427120 0.000000 -4.963069 99.859885 0.004583 -5.483352 -0.000206 
548 34.823579 0.000000 -4.574028 99.870619 0.004192 -5.838492 -0.000823 
549 34.427120 0.000000 -4.184987 99.878751 0.002989 -6.020916 -0.001202 
550 34.030660 0.000000 -2.628825 99.906354 -0.000805 -4.940923 -0.000569 
551 34.823579 0.000000 -2.628825 99.914861 -0.000917 -4.930277 -0.000729 
552 34.030660 0.000000 -1.850743 99.921299 -0.000576 -4.435866 -0.000394 
553 34.427120 0.000000 -3.795947 99.887904 0.001116 -5.866039 -0.001200 
554 34.030660 0.000000 -3.795947 99.884893 -0.000594 -5.872060 -0.001147 
555 34.823579 0.000000 -3.795947 99.889978 0.001184 -5.858957 -0.001234 
556 34.427120 0.000000 -3.406906 99.896089 -0.000797 -5.549384 -0.001002 
557 34.228890 0.000000 -4.379508 99.872875 0.003620 -5.972782 -0.001027 
558 34.030660 0.000000 -4.379508 99.872252 0.003548 -5.980063 -0.001023 
559 34.228890 0.000000 -4.574028 99.866162 0.003888 -5.901048 -0.000807 
560 34.427120 0.000000 -4.379508 99.873984 0.003618 -5.972221 -0.001048 
561 34.228890 0.000000 -4.184987 99.877605 0.003009 -6.021373 -0.001179 
562 37.995255 0.000000 -1.850743 99.953643 -0.000717 -4.355875 -0.000970 
563 39.581093 0.000000 -1.850743 99.964272 -0.000715 -4.303809 -0.001138 
564 37.995255 0.000000 -0.294581 99.985718 -0.000433 -3.652286 -0.001048 
565 35.616498 0.000000 -2.628825 99.921981 -0.000861 -4.921460 -0.000862 
566 36.409417 0.000000 -2.628825 99.932199 -0.000836 -4.880420 -0.001026 
567 35.616498 0.000000 -1.850743 99.935442 -0.000742 -4.416926 -0.000660 
568 35.220039 0.000000 -3.795947 99.893091 0.000436 -5.860070 -0.001297 
569 35.220039 0.000000 -4.184987 99.882620 0.056737 -6.019726 -0.001278 
570 35.616498 0.000000 -3.795947 99.899407 0.000516 -5.842930 -0.001403 
571 35.220039 0.000000 -3.406906 99.902590 -0.000722 -5.546558 -0.001129 
572 34.625349 0.000000 -3.990467 99.883289 0.002144 -5.979839 -0.001243 
573 34.427120 0.000000 -3.990467 99.883447 0.002111 -5.979125 -0.001245 
574 34.625349 0.000000 -4.184987 99.878122 0.003054 -6.021536 -0.001190 
575 34.823579 0.000000 -3.990467 99.884699 0.002140 -5.971510 -0.001261 
576 34.625349 0.000000 -3.795947 99.888338 0.001209 -5.867044 -0.001210 
577 35.616498 0.000000 -5.741150 99.864852 0.003410 -4.761459 0.000434 
578 35.616498 0.000000 -6.519231 99.854367 0.002300 -4.208506 0.001139 
579 36.409417 0.000000 -5.741150 99.884734 0.003516 -4.721108 0.000075 
580 35.220039 0.000000 -4.574028 99.874066 0.005859 -5.842231 -0.000896 
581 35.220039 0.000000 -4.963069 99.868133 0.004772 -5.476389 -0.000363 
582 35.616498 0.000000 -4.574028 99.882665 0.006039 -5.828402 -0.001052 
583 34.625349 0.000000 -4.379508 99.873191 0.003708 -5.973049 -0.001033 
584 34.625349 0.000000 -4.574028 99.868782 0.004124 -5.845310 -0.000794 
585 34.823579 0.000000 -4.379508 99.874611 0.003813 -5.965489 -0.001052 
586 35.021809 0.000000 -3.990467 99.885048 0.000284 -5.978387 -0.001276 
587 35.021809 0.000000 -4.184987 99.879615 0.063822 -6.027084 -0.001227 
588 35.220039 0.000000 -3.990467 99.887826 0.000303 -5.972165 -0.001324 
589 35.021809 0.000000 -3.795947 99.890551 0.001076 -5.866092 -0.001253 
590 34.724464 0.000000 -4.087727 99.881504 0.002631 -6.001978 -0.001234 
591 34.625349 0.000000 -4.087727 99.880700 0.002616 -6.011370 -0.001229 
592 34.724464 0.000000 -4.184987 99.878925 0.003081 -6.012205 -0.001195 
593 34.823579 0.000000 -4.087727 99.882022 0.002638 -6.003062 -0.001246 
594 34.724464 0.000000 -3.990467 99.884120 0.002149 -5.970443 -0.001248 
595 16.982901 0.000000 -3.795947 96.008247 -0.000094 -8.161990 0.071580 
596 16.982901 0.000000 -4.184987 95.853199 0.001080 -7.476533 0.075627 
597 17.379361 0.000000 -3.795947 96.671826 -0.000119 -7.912017 0.059196 
598 16.982901 0.000000 -3.406906 96.397865 -0.002692 -8.469784 0.063571 
599 17.775820 0.000000 -3.795947 97.155458 -0.000130 -7.746380 0.050081 
600 17.775820 0.000000 -4.184987 97.010514 0.001080 -7.379577 0.053450 
601 17.775820 0.000000 -3.406906 97.400084 -0.002481 -7.735999 0.045338 
602 18.172280 0.000000 -5.741150 97.428228 0.002023 -5.045348 0.048228 
603 17.379361 0.000000 -5.741150 96.844715 0.001600 -4.776679 0.059828 
604 18.172280 0.000000 -6.519231 97.604856 0.001053 -4.211712 0.045555 
605 17.775820 0.000000 -4.574028 96.964384 0.002893 -6.709747 0.055289 
606 17.379361 0.000000 -4.574028 96.497100 0.002762 -6.681735 0.064366 
607 17.775820 0.000000 -4.963069 96.987017 0.002527 -6.046796 0.055695 
608 18.172280 0.000000 -4.574028 97.334312 0.003243 -6.717833 0.048090 
609 17.577590 0.000000 -3.990467 96.842357 0.000508 -7.634175 0.056328 
610 17.379361 0.000000 -3.990467 96.575526 0.000516 -7.711201 0.061371 
611 17.577590 0.000000 -4.184987 96.783644 0.001076 -7.373468 0.057856 
612 17.775820 0.000000 -3.990467 97.069411 0.000502 -7.611605 0.051959 
613 17.577590 0.000000 -3.795947 96.932949 -0.000126 -7.798898 0.054318 
614 18.568739 0.000000 -4.574028 97.651358 0.003432 -6.690355 0.041945 
615 18.568739 0.000000 -4.963069 97.633568 0.003063 -6.111360 0.043034 
616 18.766969 0.000000 -3.990467 97.894999 0.000798 -7.280366 0.036357 
617 18.568739 0.000000 -3.990467 97.760517 0.000760 -7.345189 0.038893 
618 18.766969 0.000000 -4.184987 97.846269 0.001415 -7.146895 0.037503 
619 18.766969 0.000000 -3.795947 97.958306 0.000190 -7.315740 0.035065 
620 21.343956 0.000000 -4.184987 98.888681 0.006557 -6.747427 0.017550 
621 21.343956 0.000000 -4.963069 98.820988 0.006241 -6.011580 0.019827 
622 22.136875 0.000000 -4.184987 99.063533 0.008325 -6.676348 0.014184 
623 21.343956 0.000000 -3.406906 99.026526 0.001484 -6.419102 0.015254 
624 20.154577 0.000000 -3.795947 98.597754 0.001145 -6.943905 0.023027 
625 20.154577 0.000000 -4.184987 98.517319 0.002341 -6.924209 0.024639 
626 20.551037 0.000000 -3.795947 98.732884 0.001998 -6.878118 0.020451 
627 20.154577 0.000000 -3.406906 98.703061 -0.000689 -6.711746 0.021266 
628 20.154577 0.000000 -4.574028 98.467170 0.004823 -6.564439 0.026112 
629 20.154577 0.000000 -4.963069 98.437267 0.004312 -6.083941 0.027309 
630 20.551037 0.000000 -4.574028 98.613358 0.005653 -6.525727 0.023282 
631 19.956347 0.000000 -3.990467 98.483956 0.001426 -7.008896 0.025179 
632 19.758118 0.000000 -3.990467 98.402358 0.001232 -7.052015 0.026725 
633 19.956347 0.000000 -4.184987 98.446263 0.002057 -6.944280 0.026011 
634 20.154577 0.000000 -3.990467 98.553625 0.001709 -6.980494 0.023846 
635 19.956347 0.000000 -3.795947 98.530126 0.000872 -6.979682 0.024310 
636 21.343956 0.000000 -2.628825 99.196313 0.000257 -5.854330 0.012582 
637 22.136875 0.000000 -2.628825 99.321075 0.001722 -5.717288 0.010264 
638 21.343956 0.000000 -1.850743 99.377646 -0.000124 -5.386624 0.009507 
639 20.947496 0.000000 -3.795947 98.848171 0.003250 -6.769053 0.018322 
640 20.947496 0.000000 -4.184987 98.781195 0.004835 -6.802911 0.019600 
641 21.343956 0.000000 -3.795947 98.950207 0.004593 -6.691928 0.016407 
642 20.947496 0.000000 -3.406906 98.932575 0.000709 -6.507201 0.017000 
643 22.136875 0.000000 -8.075394 98.979232 -0.001847 -3.510099 0.019079 
644 22.136875 0.000000 -9.631557 99.082961 -0.003394 -2.674878 0.017541 
645 23.722713 0.000000 -8.075394 99.205238 -0.001283 -3.555124 0.014568 
646 21.343956 0.000000 -5.741150 98.788774 0.003947 -5.192338 0.021382 
647 21.343956 0.000000 -6.519231 98.777746 -0.000267 -4.539218 0.022235 
648 22.136875 0.000000 -5.741150 98.970703 0.003025 -5.185552 0.017791 
649 20.947496 0.000000 -4.574028 98.737441 0.006816 -6.490162 0.020880 
650 20.947496 0.000000 -4.963069 98.709207 0.005538 -6.035983 0.022006 
651 21.343956 0.000000 -4.574028 98.847902 0.008118 -6.454661 0.018743 
652 25.308551 0.000000 -4.963069 99.485152 0.006582 -5.799881 0.006907 
653 25.308551 0.000000 -6.519231 99.427869 0.001544 -4.447613 0.009432 
654 25.308551 0.000000 -3.406906 99.583511 0.001776 -5.874303 0.004862 
655 22.929794 0.000000 -4.184987 99.217383 0.008646 -6.567450 0.011278 
656 22.929794 0.000000 -4.963069 99.164133 0.006908 -5.927403 0.013134 
657 23.722713 0.000000 -4.184987 99.327652 0.008294 -6.525824 0.009143 
658 22.929794 0.000000 -3.406906 99.316587 0.002855 -6.137019 0.009855 
659 21.740415 0.000000 -3.795947 99.040240 0.005653 -6.621700 0.014718 
660 21.740415 0.000000 -4.184987 98.983451 0.007967 -6.696302 0.015744 
661 22.136875 0.000000 -3.795947 99.117206 0.006170 -6.584899 0.013242 
662 21.740415 0.000000 -3.406906 99.109720 0.002108 -6.339950 0.013707 
663 21.145726 0.000000 -3.990467 98.866028 0.004965 -6.796553 0.017932 
664 20.947496 0.000000 -3.990467 98.811798 0.004138 -6.830372 0.018957 
665 21.145726 0.000000 -4.184987 98.836642 0.005702 -6.775212 0.018541 
666 21.343956 0.000000 -3.990467 98.916922 0.005771 -6.763003 0.016970 
667 21.145726 0.000000 -3.795947 98.900796 0.003934 -6.730171 0.017334 
668 25.308551 0.000000 -1.850743 99.708239 0.000409 -4.785478 0.003537 
669 26.894389 0.000000 -1.850743 99.778802 -0.000119 -4.676933 0.002232 
670 25.308551 0.000000 -0.294581 99.867223 0.000833 -4.107323 0.000967 
671 22.929794 0.000000 -2.628825 99.427488 0.001396 -5.553017 0.008334 
672 23.722713 0.000000 -2.628825 99.506500 0.001253 -5.490157 0.006831 
673 22.929794 0.000000 -1.850743 99.542754 0.001134 -5.072386 0.006551 
674 22.533334 0.000000 -3.795947 99.198090 0.006226 -6.512709 0.011732 
675 22.533334 0.000000 -4.184987 99.149071 0.008655 -6.619922 0.012564 
676 22.929794 0.000000 -3.795947 99.263954 0.004383 -6.436383 0.010524 
677 22.533334 0.000000 -3.406906 99.254783 0.002839 -6.298507 0.010882 
678 22.929794 0.000000 -5.741150 99.131097 0.003356 -5.143560 0.014657 
679 22.929794 0.000000 -6.519231 99.110363 0.001157 -4.509863 0.015680 
680 23.722713 0.000000 -5.741150 99.245661 0.003508 -5.134147 0.012394 
681 24.515632 0.000000 -4.184987 99.435151 0.007752 -6.430518 0.007130 
682 24.515632 0.000000 -4.963069 99.390415 0.006861 -5.852075 0.008730 
683 25.308551 0.000000 -4.184987 99.525365 0.007035 -6.356322 0.005430 
684 24.515632 0.000000 -3.406906 99.505062 0.002269 -5.962551 0.006319 
685 23.326253 0.000000 -4.574028 99.250466 0.007994 -6.314235 0.010948 
686 22.929794 0.000000 -4.574028 99.186032 0.007996 -6.339936 0.012194 
687 23.326253 0.000000 -4.963069 99.229398 0.006982 -5.907173 0.011863 
688 23.722713 0.000000 -4.574028 99.298809 0.007918 -6.322301 0.009977 
689 23.326253 0.000000 -4.184987 99.280109 0.008504 -6.528805 0.010083 
690 26.894389 0.000000 -12.743882 99.504821 -0.006257 -1.872443 0.009528 
691 26.894389 0.000000 -15.856208 99.554322 -0.004977 -1.225212 0.008744 
692 25.308551 0.000000 -8.075394 99.410904 -0.000791 -3.503402 0.010520 
693 25.308551 0.000000 -9.631557 99.401377 -0.002155 -2.813411 0.011145 
694 26.894389 0.000000 -8.075394 99.531126 -0.000392 -3.495321 0.008134 
695 24.515632 0.000000 -5.741150 99.357822 0.003529 -5.095645 0.010206 
696 24.515632 0.000000 -6.519231 99.335085 0.001478 -4.480821 0.011246 
697 25.308551 0.000000 -5.741150 99.450696 0.003458 -5.053994 0.008402 
698 24.119172 0.000000 -4.574028 99.361143 0.007787 -6.269411 0.008806 
699 24.119172 0.000000 -4.963069 99.341277 0.006948 -5.871387 0.009684 
700 24.515632 0.000000 -4.574028 99.409827 0.007607 -6.247013 0.007866 
701 24.119172 0.000000 -4.184987 99.387833 0.008044 -6.462220 0.008030 
702 26.101470 0.000000 -4.184987 99.592952 0.006301 -6.307964 0.004145 
703 26.101470 0.000000 -4.963069 99.555908 0.006269 -5.768219 0.005535 
704 26.894389 0.000000 -4.184987 99.649383 0.005580 -6.263140 0.003077 
705 26.101470 0.000000 -3.406906 99.642274 0.001283 -5.816852 0.003758 
706 24.912091 0.000000 -4.574028 99.456476 0.007378 -6.229940 0.006960 
707 24.912091 0.000000 -4.963069 99.437404 0.006739 -5.839511 0.007810 
708 25.308551 0.000000 -4.574028 99.503021 0.007107 -6.186543 0.006088 
709 24.912091 0.000000 -4.184987 99.480764 0.007412 -6.406514 0.006253 
710 24.515632 0.000000 -2.628825 99.581043 0.000984 -5.370389 0.005477 
711 25.308551 0.000000 -2.628825 99.645584 0.000641 -5.279965 0.004288 
712 24.515632 0.000000 -1.850743 99.666644 0.000699 -4.927006 0.004228 
713 24.119172 0.000000 -3.795947 99.423761 0.003858 -6.311889 0.007508 
714 23.722713 0.000000 -3.795947 99.367287 0.004092 -6.384338 0.008538 
715 24.515632 0.000000 -3.795947 99.468241 0.003592 -6.273209 0.006672 
716 24.119172 0.000000 -3.406906 99.464229 0.002477 -6.003188 0.007083 
717 24.317402 0.000000 -4.379508 99.397888 0.008182 -6.394415 0.007917 
718 24.119172 0.000000 -4.379508 99.373299 0.008296 -6.407889 0.008389 
719 24.317402 0.000000 -4.574028 99.385996 0.007703 -6.257999 0.008326 
720 24.515632 0.000000 -4.379508 99.421470 0.008068 -6.381258 0.007465 
721 24.317402 0.000000 -4.184987 99.411986 0.007903 -6.446233 0.007570 
722 26.101470 0.000000 -5.741150 99.526556 0.003377 -5.015190 0.006931 
723 26.101470 0.000000 -6.519231 99.502249 0.001606 -4.419087 0.007977 
724 26.894389 0.000000 -5.741150 99.586710 0.003291 -4.984582 0.005764 
725 25.705010 0.000000 -4.574028 99.538275 0.006836 -6.175700 0.005399 
726 25.705010 0.000000 -4.963069 99.520579 0.006424 -5.791660 0.006211 
727 26.101470 0.000000 -4.574028 99.572776 0.006567 -6.149434 0.004745 
728 25.705010 0.000000 -4.184987 99.559856 0.006664 -6.339998 0.004764 
729 28.480227 0.000000 -1.850743 99.827053 0.000746 -4.647793 0.001296 
730 28.480227 0.000000 -0.294581 99.899108 0.002055 -3.859850 0.000527 
731 27.687308 0.000000 -4.184987 99.693071 0.004880 -6.241630 0.002233 
732 27.687308 0.000000 -4.963069 99.660444 0.005594 -5.717449 0.003511 
733 28.480227 0.000000 -4.184987 99.728272 0.004259 -6.226554 0.001550 
734 27.687308 0.000000 -3.406906 99.728908 0.000343 -5.742676 0.002117 
735 26.497929 0.000000 -4.574028 99.603162 0.006291 -6.129008 0.004165 
736 26.497929 0.000000 -4.963069 99.586748 0.006112 -5.750572 0.004941 
737 26.894389 0.000000 -4.574028 99.631190 0.006015 -6.110539 0.003629 
738 26.497929 0.000000 -4.184987 99.622267 0.005937 -6.284559 0.003591 
739 26.101470 0.000000 -2.628825 99.694025 0.000307 -5.221821 0.003383 
740 26.894389 0.000000 -2.628825 99.734165 -0.000012 -5.169783 0.002637 
741 26.101470 0.000000 -1.850743 99.747289 0.000136 -4.730616 0.002810 
742 25.705010 0.000000 -3.795947 99.586040 0.002643 -6.168027 0.004458 
743 25.308551 0.000000 -3.795947 99.553216 0.002975 -6.188135 0.005086 
744 26.101470 0.000000 -3.795947 99.616844 0.002332 -6.132539 0.003888 
745 25.705010 0.000000 -3.406906 99.614207 0.001527 -5.853310 0.004275 
746 25.903240 0.000000 -4.379508 99.571439 0.006936 -6.266243 0.004626 
747 25.705010 0.000000 -4.379508 99.548431 0.007096 -6.301089 0.005041 
748 25.903240 0.000000 -4.574028 99.561832 0.006706 -6.142256 0.004971 
749 26.101470 0.000000 -4.379508 99.582356 0.006767 -6.271661 0.004402 
750 25.903240 0.000000 -4.184987 99.582199 0.006487 -6.303619 0.004365 
751 28.480227 0.000000 -8.075394 99.605110 -0.001615 -3.520935 0.006643 
752 28.480227 0.000000 -9.631557 99.585533 -0.003445 -2.850684 0.007460 
753 27.687308 0.000000 -5.741150 99.632209 0.003200 -4.973750 0.004868 
754 27.687308 0.000000 -6.519231 99.608500 0.001694 -4.387775 0.005889 
755 28.480227 0.000000 -5.741150 99.667727 0.001992 -4.978366 0.004156 
756 27.290848 0.000000 -4.574028 99.657021 0.005734 -6.090583 0.003138 
757 27.290848 0.000000 -4.963069 99.641294 0.005766 -5.715713 0.003894 
758 27.687308 0.000000 -4.574028 99.676173 0.005458 -6.092102 0.002755 
759 27.290848 0.000000 -4.184987 99.674357 0.005225 -6.241040 0.002607 
760 29.273146 0.000000 -4.184987 99.761428 0.003644 -6.210529 0.000909 
761 29.273146 0.000000 -4.963069 99.731467 0.004544 -5.690260 0.002126 
762 29.273146 0.000000 -3.406906 99.788752 -0.000147 -5.713215 0.000956 
763 28.083767 0.000000 -4.574028 99.691991 0.005199 -6.098448 0.002432 
764 28.083767 0.000000 -4.963069 99.676251 0.005436 -5.724517 0.003187 
765 28.480227 0.000000 -4.574028 99.712500 0.004948 -6.078239 0.002047 
766 28.083767 0.000000 -4.184987 99.708527 0.004563 -6.247148 0.001918 
767 27.687308 0.000000 -2.628825 99.765884 -0.000308 -5.144991 0.002030 
768 28.480227 0.000000 -2.628825 99.791580 -0.000561 -5.129125 0.001533 
769 27.687308 0.000000 -1.850743 99.804443 -0.000349 -4.651586 0.001744 
770 27.290848 0.000000 -3.795947 99.693121 0.001394 -6.060003 0.002456 
771 26.894389 0.000000 -3.795947 99.669730 0.001709 -6.083367 0.002894 
772 27.687308 0.000000 -3.795947 99.710804 0.001095 -6.059555 0.002104 
773 27.290848 0.000000 -3.406906 99.712458 0.000568 -5.742999 0.002444 
774 27.489078 0.000000 -4.379508 99.672747 0.005611 -6.229556 0.002654 
775 27.290848 0.000000 -4.379508 99.665469 0.005774 -6.209316 0.002824 
776 27.489078 0.000000 -4.574028 99.664302 0.005595 -6.111110 0.002968 
777 27.687308 0.000000 -4.379508 99.684478 0.005449 -6.210480 0.002443 
778 27.489078 0.000000 -4.184987 99.681553 0.005051 -6.261013 0.002439 
779 29.273146 0.000000 -5.741150 99.703858 0.002253 -4.953678 0.003460 
780 29.273146 0.000000 -6.519231 99.680304 0.000667 -4.375515 0.004469 
781 30.066065 0.000000 -5.741150 99.741357 0.002355 -4.910333 0.002755 
782 28.876686 0.000000 -4.574028 99.730850 0.004336 -6.072954 0.001688 
783 28.876686 0.000000 -4.963069 99.715613 0.004614 -5.701219 0.002429 
784 29.273146 0.000000 -4.574028 99.746553 0.004223 -6.062298 0.001387 
785 28.876686 0.000000 -4.184987 99.746202 0.003836 -6.221407 0.001199 
786 29.669605 0.000000 -4.574028 99.762853 0.004075 -6.043238 0.001085 
787 29.669605 0.000000 -4.963069 99.748036 0.004480 -5.671091 0.001817 
788 30.066065 0.000000 -4.574028 99.781691 0.003966 -6.013863 0.000745 
789 29.669605 0.000000 -4.184987 99.777145 0.003464 -6.193313 0.000616 
790 29.273146 0.000000 -2.628825 99.816550 -0.000138 -5.113224 0.001051 
791 30.066065 0.000000 -2.628825 99.840336 -0.000377 -5.067782 0.000622 
792 29.273146 0.000000 -1.850743 99.846098 0.000254 -4.616576 0.000944 
793 29.669605 0.000000 -3.795947 99.789917 0.000058 -6.013812 0.000581 
794 29.273146 0.000000 -3.795947 99.775301 0.000223 -6.029970 0.000853 
795 30.066065 0.000000 -3.795947 99.806691 -0.000080 -5.987366 0.000278 
796 29.669605 0.000000 -3.406906 99.802123 -0.000218 -5.696649 0.000708 
797 29.471376 0.000000 -4.379508 99.762310 0.004065 -6.170812 0.000940 
798 29.273146 0.000000 -4.379508 99.754097 0.004179 -6.179551 0.001093 
799 29.471376 0.000000 -4.574028 99.754882 0.004146 -6.052978 0.001232 
800 29.669605 0.000000 -4.379508 99.770179 0.003988 -6.161222 0.000795 
801 29.471376 0.000000 -4.184987 99.769453 0.003545 -6.202514 0.000759 
802 30.858984 0.000000 -5.741150 99.769863 0.002589 -4.882151 0.002214 
803 30.858984 0.000000 -6.519231 99.749565 0.001719 -4.314904 0.003141 
804 30.462524 0.000000 -4.574028 99.795116 0.003881 -5.995250 0.000499 
805 30.462524 0.000000 -4.963069 99.781132 0.004387 -5.624866 0.001209 
806 30.858984 0.000000 -4.574028 99.808031 0.003877 -5.980074 0.000260 
807 30.462524 0.000000 -4.184987 99.808060 0.003212 -6.148890 0.000054 
808 31.255443 0.000000 -4.574028 99.819024 0.003866 -5.965202 0.000058 
809 31.255443 0.000000 -4.963069 99.805749 0.004558 -5.594070 0.000752 
810 31.255443 0.000000 -4.184987 99.830959 0.003101 -6.123997 -0.000372 
811 30.858984 0.000000 -2.628825 99.858050 -0.000590 -5.039677 0.000297 
812 30.858984 0.000000 -1.850743 99.879331 -0.000297 -4.539937 0.000351 
813 31.255443 0.000000 -3.795947 99.840055 -0.000396 -5.951621 -0.000346 
814 30.858984 0.000000 -3.795947 99.830158 -0.000255 -5.961596 -0.000160 
815 31.651903 0.000000 -3.795947 99.848237 -0.000592 -5.936060 -0.000491 
816 31.255443 0.000000 -3.406906 99.848125 -0.000675 -5.634412 -0.000139 
817 31.057214 0.000000 -4.379508 99.820072 0.003741 -6.093981 -0.000118 
818 30.858984 0.000000 -4.379508 99.814527 0.003721 -6.100543 -0.000016 
819 31.057214 0.000000 -4.574028 99.813673 0.003943 -5.973143 0.000155 
820 31.255443 0.000000 -4.379508 99.825323 0.003650 -6.086576 -0.000214 
821 31.057214 0.000000 -4.184987 99.825808 0.003155 -6.130339 -0.000277 
822 32.048362 0.000000 -3.795947 99.856181 -0.000682 -5.925913 -0.000637 
823 32.048362 0.000000 -3.406906 99.863107 -0.000884 -5.608750 -0.000410 
824 31.850133 0.000000 -4.379508 99.838795 0.003436 -6.060588 -0.000452 
825 31.651903 0.000000 -4.379508 99.834348 0.003484 -6.067340 -0.000371 
826 31.850133 0.000000 -4.574028 99.832808 0.003672 -5.937552 -0.000184 
827 32.048362 0.000000 -4.379508 99.842967 0.003393 -6.053086 -0.000526 
828 31.850133 0.000000 -4.184987 99.844061 0.002844 -6.100223 -0.000605 
829 163.276460 0.000000 -152.798528 99.995616 -0.000006 0.392593 0.000072 
830 163.276460 0.000000 -202.595736 99.996207 -0.000003 0.402302 0.000060 
831 214.023278 0.000000 -152.798528 99.997058 -0.000006 0.392398 0.000043 
832 -39.710809 0.000000 -152.798528 99.990156 -0.000003 0.410006 0.000180 
833 -90.457626 0.000000 -152.798528 99.993233 -0.000002 0.413448 0.000118 
834 -39.710809 0.000000 -202.595736 99.993667 -0.000002 0.410997 0.000110 
835 87.156234 0.000000 -78.102717 99.984752 -0.000015 0.330541 0.000294 
836 87.156234 0.000000 -103.001321 99.987327 -0.000011 0.368047 0.000240 
837 112.529643 0.000000 -78.102717 99.990533 -0.000014 0.329500 0.000178 
838 -14.337400 0.000000 -78.102717 99.964322 -0.000016 0.397721 0.000698 
839 -39.710809 0.000000 -78.102717 99.975790 -0.000010 0.411112 0.000467 
840 -14.337400 0.000000 -103.001321 99.977759 -0.000009 0.401921 0.000429 
841 49.096121 0.000000 -40.754812 99.940520 -0.000045 0.105107 0.001188 
842 49.096121 0.000000 -53.204113 99.951561 -0.000043 0.241277 0.000963 
843 61.782826 0.000000 -40.754812 99.962578 -0.000008 0.102667 0.000747 
844 -1.650696 0.000000 -40.754812 99.871265 -0.003383 0.341763 0.002561 
845 -14.337400 0.000000 -40.754812 99.910103 0.000997 0.394863 0.001782 
846 -1.650696 0.000000 -53.204113 99.918842 -0.000055 0.366510 0.001609 
847 4.692656 0.000000 -22.080859 99.568505 -0.013972 0.183649 0.008608 
848 -1.650696 0.000000 -22.080859 99.530884 -0.008936 0.388426 0.009345 
849 4.692656 0.000000 -28.305510 99.847461 -0.012813 0.206800 0.003044 
850 7.864332 0.000000 -12.743882 99.133128 -0.009319 -0.160016 0.017260 
851 4.692656 0.000000 -12.743882 99.270421 -0.007581 -0.085642 0.014538 
852 7.864332 0.000000 -15.856208 99.429663 -0.009844 -0.093011 0.011373 
853 12.621846 0.000000 -8.075394 97.880202 -0.003500 -0.313632 0.041937 
854 11.036008 0.000000 -8.075394 98.679103 -0.003264 0.115160 0.026242 
855 12.621846 0.000000 -9.631557 98.363146 -0.004635 -0.512645 0.032443 
856 42.752769 0.000000 -22.080859 99.891048 -0.006289 -0.560890 0.002146 
857 42.752769 0.000000 -28.305510 99.897983 -0.014946 -0.211369 0.002035 
858 49.096121 0.000000 -22.080859 99.925266 -0.009142 -0.562588 0.001462 
859 16.586442 0.000000 -5.741150 96.127615 0.001386 -4.292605 0.074106 
860 16.586442 0.000000 -6.519231 96.705634 0.000660 -3.503189 0.063575 
861 9.450170 0.000000 -8.075394 99.427091 -0.006427 -0.044210 0.011425 
862 7.864332 0.000000 -8.075394 99.620905 -0.005181 -0.688342 0.007520 
863 9.450170 0.000000 -9.631557 99.141752 -0.008117 -0.242853 0.017085 
864 13.414765 0.000000 -5.741150 95.707978 0.000620 -0.165365 0.083996 
865 12.621846 0.000000 -5.741150 96.375615 0.000330 0.703481 0.071125 
866 13.414765 0.000000 -6.519231 96.515689 0.000085 -0.423388 0.068454 
867 11.828927 0.000000 -4.184987 97.099967 0.000476 5.980514 0.053583 
868 11.828927 0.000000 -4.963069 96.628071 -0.000348 2.057954 0.065878 
869 11.828927 0.000000 -3.406906 106.295867 0.001037 -5.380026 -0.132776 
870 14.604144 0.000000 -4.574028 90.884047 0.002823 4.158230 0.172280 
871 14.207684 0.000000 -4.574028 92.874596 0.002465 4.598858 0.135316 
872 14.604144 0.000000 -4.963069 93.870138 0.001739 -1.893115 0.118481 
873 16.189982 0.000000 -4.574028 94.241011 0.002442 -5.990154 0.108275 
874 16.189982 0.000000 -4.963069 94.826575 0.002071 -5.102803 0.098188 
875 16.586442 0.000000 -4.574028 95.140597 0.002537 -6.451335 0.090665 
876 16.982901 0.000000 -4.574028 95.885803 0.002650 -6.650150 0.076169 
877 16.982901 0.000000 -4.963069 96.040837 0.002282 -5.846220 0.074198 
878 11.828927 0.000000 -2.628825 115.634567 0.001481 -16.448626 -0.364191 
879 11.828927 0.000000 -1.850743 111.669255 0.001227 -8.808125 -0.254761 
880 15.595293 0.000000 -3.990467 80.379193 0.003353 -10.037187 0.343844 
881 15.595293 0.000000 -4.184987 80.566321 0.003345 -9.972787 0.340961 
882 15.793523 0.000000 -3.990467 78.055977 0.003392 -6.927717 0.385927 
883 14.802374 0.000000 -3.990467 87.669305 0.002869 -5.596429 0.228277 
884 14.604144 0.000000 -3.990467 90.883344 0.002719 -7.392398 0.168557 
885 14.802374 0.000000 -4.184987 86.596274 0.002888 -8.122751 0.243511 
886 16.189982 0.000000 -3.017865 95.860664 -0.002455 -10.428034 0.070199 
887 16.586442 0.000000 -3.017865 96.443398 -0.002414 -9.258001 0.061296 
888 16.189982 0.000000 -2.628825 97.185496 -0.002106 -10.193997 0.045106 
889 16.982901 0.000000 -3.017865 96.959410 -0.002346 -8.515927 0.052635 
890 17.379361 0.000000 -3.017865 97.385165 -0.002269 -7.991567 0.045226 
891 16.982901 0.000000 -2.628825 97.601408 -0.002025 -8.452050 0.040253 
892 6.873184 0.000000 -3.601426 68.299738 0.002216 14.847764 0.511469 
893 6.873184 0.000000 -3.795947 78.268380 0.003649 -12.447902 0.371911 
894 7.071413 0.000000 -3.601426 77.764128 0.003124 5.164735 0.392607 
895 5.882035 0.000000 -3.017865 87.114109 0.001242 9.059087 0.232907 
896 5.485575 0.000000 -3.017865 90.281280 0.001225 5.797004 0.181569 
897 5.882035 0.000000 -2.628825 91.466654 0.001707 10.326097 0.152722 
898 6.476724 0.000000 -3.212386 55.397089 0.001000 16.807331 0.664868 
899 6.278494 0.000000 -3.212386 45.906747 0.000869 8.570959 0.781911 
900 6.476724 0.000000 -3.017865 55.185986 0.000793 31.751520 0.594635 
901 19.559888 0.000000 -3.990467 98.316652 0.001089 -7.094226 0.028351 
902 19.559888 0.000000 -4.184987 98.275558 0.001720 -7.010276 0.029277 
903 19.559888 0.000000 -3.795947 98.367795 0.000522 -7.082570 0.027361 
904 17.775820 0.000000 -3.017865 97.719224 -0.002172 -7.612885 0.039300 
905 18.172280 0.000000 -3.017865 97.986144 -0.001854 -7.329723 0.034499 
906 17.775820 0.000000 -2.628825 98.079561 -0.001875 -7.446769 0.032495 
907 18.568739 0.000000 -3.017865 98.216043 -0.001696 -7.079111 0.030350 
908 18.965199 0.000000 -3.017865 98.407294 -0.001502 -6.844903 0.026915 
909 18.568739 0.000000 -2.628825 98.452196 -0.001436 -6.869028 0.025998 
910 39.581093 0.000000 -12.743882 99.874569 -0.001840 -1.811114 0.002179 
911 39.581093 0.000000 -15.856208 99.867960 -0.003911 -1.242718 0.002485 
912 42.752769 0.000000 -12.743882 99.906784 -0.000969 -1.791791 0.001542 
913 37.995255 0.000000 -8.075394 99.862230 0.001495 -3.418087 0.001585 
914 37.995255 0.000000 -9.631557 99.873313 0.000826 -2.681558 0.001813 
915 39.581093 0.000000 -8.075394 99.904437 0.001690 -3.278810 0.000835 
916 30.462524 0.000000 -3.795947 99.818742 -0.000188 -5.972414 0.000055 
917 30.462524 0.000000 -3.406906 99.828585 -0.000427 -5.655199 0.000227 
918 32.246592 0.000000 -4.379508 99.846871 0.003450 -6.047442 -0.000597 
919 32.246592 0.000000 -4.574028 99.841079 0.003738 -5.923275 -0.000333 
920 32.246592 0.000000 -4.184987 99.851936 0.002820 -6.088704 -0.000748 
921 33.634200 0.000000 -3.795947 99.881790 -0.000674 -5.881653 -0.001097 
922 33.634200 0.000000 -3.406906 99.888205 -0.000807 -5.564481 -0.000862 
923 34.228890 0.000000 -3.990467 99.882000 0.002157 -5.979297 -0.001217 
924 34.030660 0.000000 -3.990467 99.881146 0.002110 -5.985746 -0.001207 
925 34.228890 0.000000 -3.795947 99.886045 -0.000443 -5.865928 -0.001163 
926 35.021809 0.000000 -4.379508 99.874763 0.005626 -5.974252 -0.001066 
927 35.021809 0.000000 -4.574028 99.870839 0.005900 -5.848100 -0.000838 
928 35.220039 0.000000 -4.379508 99.877932 0.005660 -5.968398 -0.001122 
929 21.740415 0.000000 -4.574028 98.945587 0.009242 -6.421772 0.016853 
930 21.740415 0.000000 -4.963069 98.920244 0.006854 -5.987369 0.017894 
931 22.136875 0.000000 -4.574028 99.027335 0.009179 -6.418374 0.015239 
932 22.533334 0.000000 -4.574028 99.115864 0.008702 -6.378171 0.013536 
933 22.533334 0.000000 -4.963069 99.093093 0.006736 -5.958778 0.014505 
934 23.326253 0.000000 -3.795947 99.322078 0.004269 -6.396760 0.009421 
935 23.326253 0.000000 -3.406906 99.370661 0.002783 -6.093583 0.008834 
936 24.912091 0.000000 -3.795947 99.511609 0.003310 -6.243516 0.005846 
937 24.912091 0.000000 -3.406906 99.545509 0.002036 -5.931293 0.005551 
938 26.497929 0.000000 -3.795947 99.644334 0.002014 -6.106644 0.003372 
939 26.497929 0.000000 -3.406906 99.667576 0.001040 -5.790414 0.003285 
940 28.083767 0.000000 -3.795947 99.725421 0.000817 -6.065511 0.001805 
941 28.480227 0.000000 -3.795947 99.743951 0.000565 -6.044922 0.001460 
942 28.083767 0.000000 -3.406906 99.744911 0.000143 -5.659990 0.001892 
943 28.876686 0.000000 -3.795947 99.761035 0.000425 -6.040129 0.001125 
944 28.876686 0.000000 -3.406906 99.775616 0.000111 -5.722944 0.001207 
945 31.453673 0.000000 -4.379508 99.829649 0.003561 -6.075797 -0.000287 
946 31.453673 0.000000 -4.574028 99.823461 0.003753 -5.953649 -0.000017 
947 31.453673 0.000000 -4.184987 99.835130 0.002956 -6.113995 -0.000443 
948 -141.204444 0.000000 -152.798528 99.995597 -0.000001 0.414621 0.000071 
949 -191.951261 0.000000 -152.798528 99.997012 -0.000001 0.414858 0.000043 
950 -141.204444 0.000000 -202.595736 99.996204 -0.000001 0.413963 0.000059 
951 -65.084218 0.000000 -78.102717 99.984878 -0.000006 0.415986 0.000285 
952 -90.457626 0.000000 -78.102717 99.990460 -0.000004 0.417135 0.000173 
953 -65.084218 0.000000 -103.001321 99.987431 -0.000004 0.413568 0.000234 
954 -27.024105 0.000000 -40.754812 99.942217 -0.000030 0.418307 0.001138 
955 -39.710809 0.000000 -40.754812 99.963517 -0.000018 0.424228 0.000712 
956 -27.024105 0.000000 -53.204113 99.953103 -0.000023 0.410242 0.000921 
957 -7.994048 0.000000 -22.080859 99.870388 -0.004341 0.303802 0.002581 
958 -14.337400 0.000000 -22.080859 99.848497 -0.002817 0.428918 0.003009 
959 -7.994048 0.000000 -28.305510 99.823888 -0.004316 0.376926 0.003505 
960 1.520980 0.000000 -12.743882 99.356425 -0.005032 0.089051 0.012829 
961 -1.650696 0.000000 -12.743882 99.433860 -0.003344 0.338444 0.011279 
962 1.520980 0.000000 -15.856208 99.462107 -0.004579 0.194616 0.010725 
963 6.278494 0.000000 -8.075394 99.103591 -0.004637 -1.014159 0.017745 
964 4.692656 0.000000 -8.075394 98.568882 -0.004269 -0.623216 0.028379 
965 6.278494 0.000000 -9.631557 99.103363 -0.006032 -0.480104 0.017829 
966 11.828927 0.000000 -5.741150 97.260771 -0.001174 1.377312 0.053845 
967 11.036008 0.000000 -5.741150 98.326690 -0.001356 1.808288 0.032859 
968 11.828927 0.000000 -6.519231 97.709718 -0.001980 0.744031 0.045226 
969 10.243089 0.000000 -5.741150 99.547646 -0.001484 1.931360 0.008654 
970 9.450170 0.000000 -5.741150 100.900978 -0.001639 1.564150 -0.018345 
971 10.243089 0.000000 -6.519231 99.403246 -0.002021 1.023528 0.011795 
972 3.106818 0.000000 -8.075394 98.515081 -0.003519 -0.107896 0.029477 
973 1.520980 0.000000 -8.075394 98.712572 -0.003771 0.260327 0.025576 
974 3.106818 0.000000 -9.631557 98.860723 -0.004682 -0.049930 0.022655 
975 19.361658 0.000000 -3.017865 98.567274 -0.001263 -6.665855 0.024006 
976 19.758118 0.000000 -3.017865 98.703993 -0.000974 -6.554794 0.021456 
977 19.361658 0.000000 -2.628825 98.733016 -0.001075 -6.465731 0.020999 
978 20.154577 0.000000 -3.017865 98.821599 -0.000624 -6.436595 0.019286 
979 20.551037 0.000000 -3.017865 98.932002 -0.000206 -6.276716 0.017306 
980 20.154577 0.000000 -2.628825 98.948206 -0.000693 -6.182280 0.017103 
981 20.947496 0.000000 -3.017865 99.025354 0.000251 -6.216538 0.015533 
982 21.343956 0.000000 -3.017865 99.109487 0.000689 -6.123468 0.013981 
983 20.947496 0.000000 -2.628825 99.123145 -0.000012 -5.951288 0.013918 
984 21.740415 0.000000 -3.017865 99.184328 0.001046 -6.039684 0.012599 
985 22.136875 0.000000 -3.017865 99.250389 0.002012 -5.991725 0.011346 
986 21.740415 0.000000 -2.628825 99.261848 0.000477 -5.767702 0.011382 
987 22.533334 0.000000 -3.017865 99.317701 0.001849 -5.911484 0.010105 
988 22.929794 0.000000 -3.017865 99.371465 0.001765 -5.830202 0.009132 
989 22.533334 0.000000 -2.628825 99.380490 0.001396 -5.635046 0.009176 
990 23.326253 0.000000 -3.017865 99.421045 0.001820 -5.785198 0.008199 
991 23.722713 0.000000 -3.017865 99.459107 0.001725 -5.769446 0.007460 
992 23.326253 0.000000 -2.628825 99.472310 0.001341 -5.507148 0.007493 
993 24.119172 0.000000 -3.017865 99.505802 0.001586 -5.693063 0.006618 
994 24.515632 0.000000 -3.017865 99.542771 0.001419 -5.651602 0.005930 
995 24.119172 0.000000 -2.628825 99.547906 0.001130 -5.412894 0.006092 
996 24.912091 0.000000 -3.017865 99.580158 0.001233 -5.620041 0.005221 
997 25.308551 0.000000 -3.017865 99.614369 0.001022 -5.562192 0.004604 
998 24.912091 0.000000 -2.628825 99.615263 0.000824 -5.338506 0.004830 
999 25.705010 0.000000 -3.017865 99.642819 0.000822 -5.541078 0.004061 
1000 26.101470 0.000000 -3.017865 99.667993 0.000629 -5.504975 0.003599 
1001 25.705010 0.000000 -2.628825 99.680132 0.000470 -5.343621 0.003532 
1002 26.497929 0.000000 -3.017865 99.691056 0.000442 -5.477677 0.003169 
1003 26.894389 0.000000 -3.017865 99.712403 0.000248 -5.453586 0.002770 
1004 26.497929 0.000000 -2.628825 99.714920 0.000152 -5.194161 0.002996 
1005 27.290848 0.000000 -3.017865 99.732055 0.000061 -5.429650 0.002404 
1006 27.687308 0.000000 -3.017865 99.747238 -0.000116 -5.429206 0.002101 
1007 27.290848 0.000000 -2.628825 99.751968 -0.000167 -5.146311 0.002306 
1008 28.083767 0.000000 -3.017865 99.759701 -0.000270 -5.435004 0.001846 
1009 28.480227 0.000000 -3.017865 99.775385 -0.000414 -5.414009 0.001556 
1010 28.083767 0.000000 -2.628825 99.777324 -0.000441 -5.150496 0.001796 
1011 28.876686 0.000000 -3.017865 99.790397 -0.000002 -5.408426 0.001263 
1012 29.273146 0.000000 -3.017865 99.802435 -0.000209 -5.399073 0.001032 
1013 28.876686 0.000000 -2.628825 99.805551 0.000116 -5.122733 0.001261 
1014 29.669605 0.000000 -3.017865 99.814628 -0.000333 -5.381291 0.000808 
1015 30.066065 0.000000 -3.017865 99.828657 -0.000447 -5.354643 0.000557 
1016 29.669605 0.000000 -2.628825 99.827611 -0.000263 -5.094988 0.000849 
1017 30.462524 0.000000 -3.017865 99.838782 -0.000539 -5.339188 0.000371 
1018 30.858984 0.000000 -3.017865 99.848208 -0.000633 -5.327499 0.000195 
1019 30.462524 0.000000 -2.628825 99.849573 -0.000473 -5.052586 0.000453 
1020 31.255443 0.000000 -3.017865 99.856576 -0.000940 -5.316896 0.000039 
1021 31.651903 0.000000 -3.017865 99.863529 -0.000990 -5.300959 -0.000082 
1022 31.255443 0.000000 -2.628825 99.865720 -0.000970 -5.028316 0.000155 
1023 8.657251 0.000000 -5.741150 102.126968 -0.002872 0.445967 -0.043012 
1024 7.864332 0.000000 -5.741150 102.505981 -0.002477 -1.572963 -0.050995 
1025 8.657251 0.000000 -6.519231 100.856684 -0.003839 -0.125474 -0.017209 
1026 7.071413 0.000000 -5.741150 101.107781 -0.002297 -3.645316 -0.023607 
1027 6.278494 0.000000 -5.741150 98.585169 -0.002013 -3.983432 0.026510 
1028 7.071413 0.000000 -6.519231 100.132748 -0.003322 -2.148801 -0.003118 
1029 32.048362 0.000000 -3.017865 99.870478 -0.001036 -5.289693 -0.000209 
1030 32.444822 0.000000 -3.017865 99.877538 -0.000953 -5.291294 -0.000352 
1031 32.048362 0.000000 -2.628825 99.878502 -0.001036 -4.999763 -0.000071 
1032 32.841281 0.000000 -3.017865 99.882680 -0.000933 -5.290254 -0.000454 
1033 33.237741 0.000000 -3.017865 99.887449 -0.000897 -5.270874 -0.000528 
1034 32.841281 0.000000 -2.628825 99.890912 -0.000833 -4.998629 -0.000318 
1035 33.634200 0.000000 -3.017865 99.894992 -0.000906 -5.243258 -0.000650 
1036 34.030660 0.000000 -3.017865 99.899043 -0.000839 -5.233205 -0.000721 
1037 33.634200 0.000000 -2.628825 99.902227 -0.000865 -4.952035 -0.000498 
1038 34.427120 0.000000 -3.017865 99.903703 -0.000937 -5.227820 -0.000808 
1039 34.823579 0.000000 -3.017865 99.907433 -0.000915 -5.222232 -0.000877 
1040 34.427120 0.000000 -2.628825 99.911082 -0.000926 -4.935535 -0.000658 
1041 35.220039 0.000000 -3.017865 99.910736 -0.000890 -5.226807 -0.000947 
1042 35.616498 0.000000 -3.017865 99.914971 -0.000917 -5.212135 -0.001017 
1043 35.220039 0.000000 -2.628825 99.918202 -0.000903 -4.934847 -0.000800 
1 19 21 3 22 
2 20 19 22 9 
3 28 20 9 30 
4 29 28 30 4 
5 35 37 19 38 
6 36 35 38 20 
7 44 36 20 46 
8 45 44 46 28 
9 51 53 35 54 
10 52 51 54 36 
11 60 52 36 62 
12 61 60 62 44 
13 67 69 51 70 
14 68 67 70 52 
15 76 68 52 78 
16 77 76 78 60 
17 83 85 67 86 
18 84 83 86 68 
19 10 93 92 26 
20 93 13 94 92 
21 92 94 8 95 
22 26 92 95 14 
23 23 97 96 42 
24 97 26 98 96 
25 96 98 14 99 
26 42 96 99 27 
27 101 42 102 100 
28 100 102 27 103 
29 112 84 68 114 
30 113 112 114 76 
31 115 117 83 118 
32 116 115 118 84 
33 14 95 132 37 
34 95 8 133 132 
35 132 133 21 134 
36 37 132 134 19 
37 27 99 135 53 
38 99 14 136 135 
39 135 136 37 137 
40 53 135 137 35 
41 103 27 139 138 
42 138 139 53 140 
43 69 138 140 51 
44 141 142 69 143 
45 85 141 143 67 
46 144 145 85 146 
47 117 144 146 83 
48 147 149 117 150 
49 148 147 150 115 
50 164 116 84 166 
51 165 164 166 112 
52 167 148 115 169 
53 168 167 169 116 
54 170 172 147 173 
55 171 170 173 148 
56 128 181 179 180 
57 181 120 152 179 
58 179 152 91 182 
59 180 179 182 131 
60 152 185 183 184 
61 184 183 186 91 
62 187 188 144 189 
63 149 187 189 117 
64 190 191 149 192 
65 172 190 192 147 
66 155 178 193 194 
67 178 123 195 193 
68 193 195 172 196 
69 194 193 196 170 
70 197 200 178 201 
71 198 197 201 155 
72 206 168 116 208 
73 207 206 208 164 
74 202 211 209 210 
75 211 129 212 209 
76 209 212 5 213 
77 210 209 213 205 
78 16 216 214 215 
79 216 15 32 214 
80 214 32 18 217 
81 215 214 217 6 
82 32 220 218 219 
83 220 31 48 218 
84 218 48 34 221 
85 219 218 221 18 
86 48 224 222 223 
87 224 47 64 222 
88 222 64 50 225 
89 223 222 225 34 
90 64 228 226 227 
91 228 63 80 226 
92 226 80 66 229 
93 227 226 229 50 
94 80 232 230 231 
95 231 230 233 66 
96 125 236 234 235 
97 203 240 238 239 
98 240 202 210 238 
99 238 210 205 241 
100 239 238 241 127 
101 6 217 242 243 
102 217 18 45 242 
103 242 45 28 244 
104 243 242 244 29 
105 18 221 245 246 
106 221 34 61 245 
107 245 61 44 247 
108 246 245 247 45 
109 34 225 248 249 
110 225 50 77 248 
111 248 77 60 250 
112 249 248 250 61 
113 50 229 251 252 
114 229 66 113 251 
115 251 113 76 253 
116 252 251 253 77 
117 66 233 254 255 
118 254 165 112 256 
119 255 254 256 113 
120 257 207 164 259 
121 258 257 259 165 
122 234 262 260 261 
123 262 203 239 260 
124 264 266 207 267 
125 265 264 267 257 
126 260 270 268 269 
127 270 239 271 268 
128 268 271 127 272 
129 269 268 272 263 
130 230 275 273 274 
131 275 125 235 273 
132 273 235 82 276 
133 274 273 276 233 
134 235 279 277 278 
135 279 234 261 277 
136 278 277 280 82 
137 261 283 281 282 
138 283 260 269 281 
139 233 276 285 286 
140 276 82 258 285 
141 285 258 165 287 
142 286 285 287 254 
143 82 280 288 289 
144 288 265 257 290 
145 289 288 290 258 
146 277 293 291 292 
147 293 261 282 291 
148 291 282 237 294 
149 292 291 294 280 
150 295 297 264 298 
151 296 295 298 265 
152 282 301 299 300 
153 301 281 302 299 
154 299 302 284 303 
155 300 299 303 237 
156 127 241 304 266 
157 241 205 305 304 
158 304 305 206 306 
159 266 304 306 207 
160 263 272 307 297 
161 272 127 308 307 
162 307 308 266 309 
163 297 307 309 264 
164 284 312 310 311 
165 312 263 313 310 
166 310 313 297 314 
167 311 310 314 295 
168 205 213 315 305 
169 213 5 316 315 
170 315 316 168 317 
171 305 315 317 206 
172 131 182 318 319 
173 182 91 171 318 
174 318 171 148 320 
175 319 318 320 167 
176 91 186 321 322 
177 186 155 194 321 
178 321 194 170 323 
179 322 321 323 171 
180 183 326 324 325 
181 326 175 198 324 
182 324 198 155 327 
183 325 324 327 186 
184 7 330 328 329 
185 330 12 331 328 
186 328 331 10 25 
187 329 328 25 11 
188 11 334 332 333 
189 334 25 335 332 
190 332 335 23 41 
191 333 332 41 24 
192 24 338 336 337 
193 338 41 339 336 
194 336 339 39 57 
195 337 336 57 40 
196 40 342 340 341 
197 342 57 343 340 
198 340 343 55 73 
199 341 340 73 56 
200 56 346 344 345 
201 346 73 347 344 
202 344 347 71 89 
203 345 344 89 72 
204 89 350 348 349 
205 350 71 351 348 
206 348 351 90 121 
207 349 348 121 87 
208 87 354 352 353 
209 354 121 355 352 
210 352 355 119 153 
211 353 352 153 120 
212 153 358 356 357 
213 358 119 359 356 
214 356 359 154 176 
215 357 356 176 151 
216 151 362 360 361 
217 362 176 363 360 
218 360 363 174 199 
219 361 360 199 175 
220 175 366 364 365 
221 366 199 367 364 
222 364 367 197 368 
223 365 364 368 198 
224 154 370 369 177 
225 370 160 371 369 
226 369 371 163 372 
227 177 369 372 123 
228 174 374 373 200 
229 374 177 375 373 
230 373 375 123 376 
231 200 373 376 178 
232 199 378 377 367 
233 378 174 379 377 
234 377 379 200 380 
235 367 377 380 197 
236 397 398 141 399 
237 145 397 399 85 
238 400 401 145 402 
239 188 400 402 144 
240 403 405 188 406 
241 404 403 406 187 
242 407 410 393 411 
243 408 407 411 159 
244 412 404 187 413 
245 191 412 413 149 
246 394 416 414 415 
247 414 408 159 417 
248 415 414 417 396 
249 73 419 418 347 
250 419 55 420 418 
251 418 420 74 109 
252 347 418 109 71 
253 71 422 421 351 
254 422 109 423 421 
255 421 423 108 157 
256 351 421 157 90 
257 157 426 424 425 
258 426 108 427 424 
259 424 427 158 391 
260 425 424 391 156 
261 156 430 428 429 
262 430 391 431 428 
263 428 431 389 409 
264 429 428 409 390 
265 390 434 432 433 
266 434 409 435 432 
267 432 435 407 436 
268 433 432 436 408 
269 438 100 439 437 
270 437 439 103 440 
271 440 103 446 445 
272 445 446 138 447 
273 142 445 447 69 
274 448 449 142 450 
275 398 448 450 141 
276 457 437 458 456 
277 456 458 440 459 
278 464 466 448 467 
279 465 464 467 398 
280 57 482 481 343 
281 482 39 483 481 
282 481 483 58 105 
283 343 481 105 55 
284 105 486 484 485 
285 486 58 487 484 
286 484 487 106 442 
287 485 484 442 104 
288 104 490 488 489 
289 490 442 491 488 
290 488 491 441 453 
291 489 488 453 383 
292 453 494 492 493 
293 494 441 495 492 
294 492 495 454 470 
295 493 492 470 451 
296 451 498 496 497 
297 498 470 499 496 
298 459 440 502 501 
299 501 502 445 503 
300 449 501 503 142 
301 504 505 449 506 
302 466 504 506 448 
303 470 512 511 499 
304 512 454 513 511 
305 511 513 471 514 
306 515 517 466 518 
307 516 515 518 464 
308 468 514 519 520 
309 514 471 521 519 
310 519 521 444 522 
311 520 519 522 472 
312 499 525 523 524 
313 525 511 526 523 
314 523 526 514 527 
315 524 523 527 468 
316 442 529 528 491 
317 529 106 530 528 
318 528 530 443 461 
319 491 528 461 441 
320 441 532 531 495 
321 532 461 533 531 
322 531 533 460 508 
323 495 531 508 454 
324 454 535 534 513 
325 535 508 536 534 
326 534 536 507 537 
327 513 534 537 471 
328 443 539 538 462 
329 539 456 540 538 
330 538 540 459 541 
331 462 538 541 43 
332 543 462 544 542 
333 542 544 43 545 
334 508 547 546 536 
335 547 460 548 546 
336 550 551 504 552 
337 517 550 552 466 
338 553 555 463 556 
339 554 553 556 510 
340 536 559 557 558 
341 559 546 560 557 
342 557 560 549 561 
343 558 557 561 507 
344 43 541 562 505 
345 541 459 563 562 
346 562 563 501 564 
347 505 562 564 449 
348 545 43 566 565 
349 565 566 505 567 
350 551 565 567 504 
351 569 542 570 568 
352 568 570 545 571 
353 555 568 571 463 
354 549 574 572 573 
355 572 575 555 576 
356 573 572 576 553 
357 461 578 577 533 
358 578 443 579 577 
359 577 579 462 543 
360 533 577 543 460 
361 460 581 580 548 
362 581 543 582 580 
363 580 582 542 569 
364 546 584 583 560 
365 584 548 585 583 
366 583 585 509 574 
367 560 583 574 549 
368 509 587 586 575 
369 587 569 588 586 
370 586 588 568 589 
371 575 586 589 555 
372 574 592 590 591 
373 592 509 593 590 
374 590 593 575 594 
375 591 590 594 572 
376 160 596 595 371 
377 596 162 597 595 
378 595 597 75 598 
379 371 595 598 163 
380 600 394 415 599 
381 599 415 396 601 
382 597 599 601 75 
383 90 604 602 603 
384 604 157 425 602 
385 602 425 156 395 
386 603 602 395 122 
387 122 607 605 606 
388 607 395 608 605 
389 605 608 394 600 
390 606 605 600 162 
391 162 611 609 610 
392 611 600 612 609 
393 609 612 599 613 
394 610 609 613 597 
395 395 615 614 608 
396 615 156 429 614 
397 614 429 390 416 
398 608 614 416 394 
399 416 618 616 617 
400 618 390 433 616 
401 616 433 408 619 
402 617 616 619 414 
403 625 392 626 624 
404 624 626 111 627 
405 410 624 627 393 
406 391 629 628 431 
407 629 158 630 628 
408 628 630 392 625 
409 431 628 625 389 
410 389 633 631 632 
411 633 625 634 631 
412 631 634 624 635 
413 632 631 635 410 
414 636 637 400 638 
415 405 636 638 188 
416 392 640 639 626 
417 639 641 623 642 
418 626 639 642 111 
419 109 644 643 423 
420 644 74 645 643 
421 643 645 110 386 
422 423 643 386 108 
423 108 647 646 427 
424 647 386 648 646 
425 646 648 385 621 
426 427 646 621 158 
427 158 650 649 630 
428 650 621 651 649 
429 649 651 620 640 
430 630 649 640 392 
431 620 660 659 641 
432 660 622 661 659 
433 659 661 388 662 
434 641 659 662 623 
435 640 665 663 664 
436 665 620 666 663 
437 663 666 641 667 
438 664 663 667 639 
439 668 669 397 670 
440 401 668 670 145 
441 671 672 401 673 
442 637 671 673 400 
443 622 675 674 661 
444 675 655 676 674 
445 674 676 658 677 
446 661 674 677 388 
447 386 679 678 648 
448 679 110 680 678 
449 678 680 387 656 
450 648 678 656 385 
451 656 687 685 686 
452 687 387 688 685 
453 685 688 657 689 
454 686 685 689 655 
455 55 691 690 420 
456 691 105 485 690 
457 690 485 104 382 
458 420 690 382 74 
459 74 693 692 645 
460 693 382 694 692 
461 692 694 381 653 
462 645 692 653 110 
463 110 696 695 680 
464 696 653 697 695 
465 695 697 652 682 
466 680 695 682 387 
467 387 699 698 688 
468 699 682 700 698 
469 688 698 701 657 
470 682 707 706 700 
471 707 652 708 706 
472 706 708 683 709 
473 700 706 709 681 
474 710 711 668 712 
475 672 710 712 401 
476 657 701 713 714 
477 701 681 715 713 
478 713 715 684 716 
479 714 713 716 59 
480 698 719 717 718 
481 719 700 720 717 
482 717 720 681 721 
483 718 717 721 701 
484 653 723 722 697 
485 723 381 724 722 
486 722 724 474 703 
487 697 722 703 652 
488 652 726 725 708 
489 726 703 727 725 
490 708 725 728 683 
491 729 465 398 730 
492 669 729 730 397 
493 703 736 735 727 
494 736 474 737 735 
495 735 737 704 738 
496 727 735 738 702 
497 739 740 669 741 
498 711 739 741 668 
499 683 728 742 743 
500 728 702 744 742 
501 742 744 705 745 
502 743 742 745 654 
503 725 748 746 747 
504 748 727 749 746 
505 746 749 702 750 
506 747 746 750 728 
507 382 752 751 694 
508 752 104 489 751 
509 751 489 383 475 
510 694 751 475 381 
511 381 754 753 724 
512 754 475 755 753 
513 753 755 473 732 
514 724 753 732 474 
515 474 757 756 737 
516 757 732 758 756 
517 737 756 759 704 
518 732 764 763 758 
519 764 473 765 763 
520 763 765 733 766 
521 758 763 766 731 
522 767 768 729 769 
523 740 767 769 669 
524 704 759 770 771 
525 759 731 772 770 
526 770 772 734 773 
527 771 770 773 384 
528 756 776 774 775 
529 776 758 777 774 
530 774 777 731 778 
531 775 774 778 759 
532 475 780 779 755 
533 780 383 781 779 
534 779 781 452 761 
535 755 779 761 473 
536 473 783 782 765 
537 783 761 784 782 
538 782 784 760 785 
539 765 782 785 733 
540 761 787 786 784 
541 787 452 788 786 
542 786 788 478 789 
543 790 791 465 792 
544 768 790 792 729 
545 760 789 793 794 
546 789 478 795 793 
547 793 795 107 796 
548 794 793 796 762 
549 784 799 797 798 
550 799 786 800 797 
551 797 800 789 801 
552 798 797 801 760 
553 383 803 802 781 
554 803 453 493 802 
555 802 493 451 479 
556 781 802 479 452 
557 452 805 804 788 
558 805 479 806 804 
559 804 806 477 807 
560 788 804 807 478 
561 479 809 808 806 
562 809 451 497 808 
563 811 516 464 812 
564 791 811 812 465 
565 477 810 813 814 
566 810 469 815 813 
567 813 815 455 816 
568 814 813 816 480 
569 806 819 817 818 
570 819 808 820 817 
571 817 820 810 821 
572 818 817 821 477 
573 469 500 822 815 
574 500 468 520 822 
575 822 520 472 823 
576 815 822 823 455 
577 497 826 824 825 
578 826 496 827 824 
579 824 827 500 828 
580 825 824 828 469 
581 12 830 829 331 
582 830 2 831 829 
583 829 831 13 93 
584 331 829 93 10 
585 17 834 832 833 
586 834 7 329 832 
587 832 329 11 33 
588 833 832 33 15 
589 25 836 835 335 
590 836 10 837 835 
591 835 837 26 97 
592 335 835 97 23 
593 33 840 838 839 
594 840 11 333 838 
595 838 333 24 49 
596 839 838 49 31 
597 41 842 841 339 
598 842 23 843 841 
599 841 843 42 101 
600 339 841 101 39 
601 49 846 844 845 
602 846 24 337 844 
603 844 337 40 65 
604 845 844 65 47 
605 65 849 847 848 
606 849 40 341 847 
607 847 341 56 81 
608 848 847 81 63 
609 81 852 850 851 
610 852 56 345 850 
611 850 345 72 126 
612 851 850 126 79 
613 72 855 853 854 
614 855 89 349 853 
615 853 349 87 130 
616 854 853 130 88 
617 39 857 856 483 
618 857 101 858 856 
619 856 858 100 438 
620 483 856 438 58 
621 121 860 859 355 
622 860 90 603 859 
623 859 603 122 161 
624 355 859 161 119 
625 126 863 861 862 
626 863 72 854 861 
627 861 854 88 204 
628 862 861 204 124 
629 130 866 864 865 
630 866 87 353 864 
631 864 353 120 181 
632 865 864 181 128 
633 129 868 867 212 
634 868 128 180 867 
635 867 180 131 869 
636 212 867 869 5 
637 120 872 870 871 
638 872 153 357 870 
639 870 357 151 185 
640 871 870 185 152 
641 119 874 873 359 
642 874 161 875 873 
643 873 875 160 370 
644 359 873 370 154 
645 161 877 876 875 
646 877 122 606 876 
647 876 606 162 596 
648 875 876 596 160 
649 5 869 878 316 
650 869 131 319 878 
651 878 319 167 879 
652 316 878 879 168 
653 176 881 880 363 
654 881 154 882 880 
655 880 882 177 374 
656 363 880 374 174 
657 185 885 883 884 
658 885 151 361 883 
659 883 361 175 326 
660 884 883 326 183 
661 123 372 886 195 
662 372 163 887 886 
663 886 887 190 888 
664 195 886 888 172 
665 163 598 889 887 
666 598 75 890 889 
667 889 890 191 891 
668 887 889 891 190 
669 281 893 892 302 
670 893 269 894 892 
671 892 894 263 312 
672 302 892 312 284 
673 280 294 895 896 
674 294 237 296 895 
675 895 296 265 897 
676 896 895 897 288 
677 237 303 898 899 
678 303 284 311 898 
679 898 311 295 900 
680 899 898 900 296 
681 409 902 901 435 
682 902 389 632 901 
683 901 632 410 903 
684 435 901 903 407 
685 75 601 904 890 
686 601 396 905 904 
687 904 905 412 906 
688 890 904 906 191 
689 396 417 907 905 
690 417 159 908 907 
691 907 908 404 909 
692 905 907 909 412 
693 58 911 910 487 
694 911 438 912 910 
695 910 912 437 457 
696 487 910 457 106 
697 106 914 913 530 
698 914 457 915 913 
699 913 915 456 539 
700 530 913 539 443 
701 478 807 916 795 
702 807 477 814 916 
703 916 814 480 917 
704 795 916 917 107 
705 496 919 918 827 
706 919 499 524 918 
707 918 524 468 920 
708 827 918 920 500 
709 471 537 921 521 
710 537 507 554 921 
711 921 554 510 922 
712 521 921 922 444 
713 507 561 923 924 
714 561 549 573 923 
715 923 573 553 925 
716 924 923 925 554 
717 548 927 926 585 
718 927 580 928 926 
719 926 928 569 587 
720 585 926 587 509 
721 621 930 929 651 
722 930 385 931 929 
723 929 931 622 660 
724 651 929 660 620 
725 385 933 932 931 
726 933 656 686 932 
727 932 686 655 675 
728 931 932 675 622 
729 655 689 934 676 
730 689 657 714 934 
731 934 714 59 935 
732 676 934 935 658 
733 681 709 936 715 
734 709 683 743 936 
735 936 743 654 937 
736 715 936 937 684 
737 702 738 938 744 
738 738 704 771 938 
739 938 771 384 939 
740 744 938 939 705 
741 731 766 940 772 
742 766 733 941 940 
743 940 941 476 942 
744 772 940 942 734 
745 733 785 943 941 
746 785 760 794 943 
747 943 794 762 944 
748 941 943 944 476 
749 808 946 945 820 
750 946 497 825 945 
751 945 825 469 947 
752 820 945 947 810 
753 1 950 948 949 
754 950 17 833 948 
755 948 833 15 216 
756 949 948 216 16 
757 15 953 951 952 
758 953 33 839 951 
759 951 839 31 220 
760 952 951 220 32 
761 31 956 954 955 
762 956 49 845 954 
763 954 845 47 224 
764 955 954 224 48 
765 47 959 957 958 
766 959 65 848 957 
767 957 848 63 228 
768 958 957 228 64 
769 63 962 960 961 
770 962 81 851 960 
771 960 851 79 232 
772 961 960 232 80 
773 79 965 963 964 
774 965 126 862 963 
775 963 862 124 236 
776 964 963 236 125 
777 88 968 966 967 
778 968 130 865 966 
779 966 865 128 868 
780 967 966 868 129 
781 204 971 969 970 
782 971 88 967 969 
783 969 967 129 211 
784 970 969 211 202 
785 232 974 972 973 
786 974 79 964 972 
787 972 964 125 275 
788 973 972 275 230 
789 159 411 975 908 
790 411 393 976 975 
791 975 976 403 977 
792 908 975 977 404 
793 393 627 978 976 
794 627 111 979 978 
795 978 979 405 980 
796 976 978 980 403 
797 111 642 981 979 
798 642 623 982 981 
799 981 982 636 983 
800 979 981 983 405 
801 623 662 984 982 
802 662 388 985 984 
803 984 985 637 986 
804 982 984 986 636 
805 388 677 987 985 
806 677 658 988 987 
807 987 988 671 989 
808 985 987 989 637 
809 658 935 990 988 
810 935 59 991 990 
811 990 991 672 992 
812 988 990 992 671 
813 59 716 993 991 
814 716 684 994 993 
815 993 994 710 995 
816 991 993 995 672 
817 684 937 996 994 
818 937 654 997 996 
819 996 997 711 998 
820 994 996 998 710 
821 654 745 999 997 
822 745 705 1000 999 
823 999 1000 739 1001 
824 997 999 1001 711 
825 705 939 1002 1000 
826 939 384 1003 1002 
827 1002 1003 740 1004 
828 1000 1002 1004 739 
829 384 773 1005 1003 
830 773 734 1006 1005 
831 1005 1006 767 1007 
832 1003 1005 1007 740 
833 734 942 1008 1006 
834 942 476 1009 1008 
835 1008 1009 768 1010 
836 1006 1008 1010 767 
837 476 944 1011 1009 
838 944 762 1012 1011 
839 1011 1012 790 1013 
840 1009 1011 1013 768 
841 762 796 1014 1012 
842 796 107 1015 1014 
843 1014 1015 791 1016 
844 1012 1014 1016 790 
845 107 917 1017 1015 
846 917 480 1018 1017 
847 1017 1018 811 1019 
848 1015 1017 1019 791 
849 480 816 1020 1018 
850 816 455 1021 1020 
851 1020 1021 516 1022 
852 1018 1020 1022 811 
853 124 1025 1023 1024 
854 1025 204 970 1023 
855 1023 970 202 240 
856 1024 1023 240 203 
857 236 1028 1026 1027 
858 1028 124 1024 1026 
859 1026 1024 203 262 
860 1027 1026 262 234 
861 455 823 1029 1021 
862 823 472 1030 1029 
863 1029 1030 515 1031 
864 1021 1029 1031 516 
865 472 522 1032 1030 
866 522 444 1033 1032 
867 1032 1033 517 1034 
868 1030 1032 1034 515 
869 444 922 1035 1033 
870 922 510 1036 1035 
871 1035 1036 550 1037 
872 1033 1035 1037 517 
873 510 556 1038 1036 
874 556 463 1039 1038 
875 1038 1039 551 1040 
876 1036 1038 1040 550 
877 463 571 1041 1039 
878 571 545 1042 1041 
879 1041 1042 565 1043 
880 1039 1041 1043 551 
