2 0.000000 334.933353 1124.923126
844 709 
1 -166.231662 0.000000 -176.679028 334.928200 0.000000 -0.551145 0.000028 
2 185.814192 0.000000 -176.679028 334.928200 0.000001 -0.580629 0.000028 
3 185.814192 0.000000 169.434428 334.937445 0.000000 -0.580443 -0.000027 
4 -166.231662 0.000000 169.434428 334.937514 0.000000 -0.550992 -0.000028 
5 9.791265 0.000000 -3.622300 315.714837 -0.031227 -50.228798 0.088978 
6 -166.231662 0.000000 -3.622300 334.932618 0.000000 -0.545935 0.000002 
7 9.791265 0.000000 -176.679028 334.918547 0.000001 -0.565921 0.000086 
8 185.814192 0.000000 -3.622300 334.920453 -0.007861 -8.052042 -0.000501 
9 9.791265 0.000000 169.434428 334.947475 -0.000000 -0.565814 -0.000087 
10 97.802728 0.000000 -90.150664 334.914116 0.000007 -0.664221 0.000111 
11 9.791265 0.000000 -90.150664 334.876614 0.000003 -0.606814 0.000335 
12 97.802728 0.000000 -176.679028 334.922970 0.000001 -0.577326 0.000059 
13 185.814192 0.000000 -90.150664 334.928168 0.000009 -0.664866 0.000027 
14 97.802728 0.000000 -3.622300 334.918448 -0.008334 -8.163818 -0.000505 
15 -78.220199 0.000000 -90.150664 334.913990 0.000000 -0.548735 0.000113 
16 -166.231662 0.000000 -90.150664 334.928282 0.000000 -0.548349 0.000028 
17 -78.220199 0.000000 -176.679028 334.922932 0.000000 -0.554463 0.000059 
18 -78.220199 0.000000 -3.622300 334.930741 0.000000 -0.527588 0.000013 
19 97.802728 0.000000 82.906064 334.950784 -0.000004 -0.663536 -0.000108 
20 9.791265 0.000000 82.906064 334.991152 -0.000002 -0.606236 -0.000348 
21 185.814192 0.000000 82.906064 334.936988 -0.000003 -0.662516 -0.000026 
22 97.802728 0.000000 169.434428 334.942801 -0.000000 -0.577354 -0.000059 
23 53.796996 0.000000 -46.886482 334.858488 0.000035 -0.969513 0.000439 
24 9.791265 0.000000 -46.886482 334.720457 0.000015 -0.757815 0.001266 
25 53.796996 0.000000 -90.150664 334.893689 0.000006 -0.651047 0.000233 
26 97.802728 0.000000 -46.886482 334.913653 0.000042 -0.973276 0.000109 
27 53.796996 0.000000 -3.622300 334.904209 -0.008683 -8.278252 -0.000437 
28 -78.220199 0.000000 82.906064 334.951216 -0.000000 -0.547540 -0.000109 
29 -166.231662 0.000000 82.906064 334.937199 0.000000 -0.548128 -0.000026 
30 -78.220199 0.000000 169.434428 334.942889 0.000000 -0.554175 -0.000060 
31 -34.214467 0.000000 -46.886482 334.857114 0.000002 -0.540845 0.000453 
32 -78.220199 0.000000 -46.886482 334.913879 0.000000 -0.537674 0.000114 
33 -34.214467 0.000000 -90.150664 334.893336 0.000001 -0.562149 0.000236 
34 -34.214467 0.000000 -3.622300 334.916957 0.000000 -0.454754 0.000096 
35 53.796996 0.000000 39.641882 335.001516 -0.000044 -0.968083 -0.000415 
36 9.791265 0.000000 39.641882 335.161215 -0.000019 -0.755429 -0.001366 
37 97.802728 0.000000 39.641882 334.948487 -0.000045 -0.961857 -0.000099 
38 53.796996 0.000000 82.906064 334.972150 -0.000003 -0.651748 -0.000235 
39 31.794130 0.000000 -25.254391 334.650345 0.000182 -1.872686 0.001658 
40 9.791265 0.000000 -25.254391 334.212664 0.000547 -1.218970 0.004286 
41 31.794130 0.000000 -46.886482 334.782166 0.000026 -0.918534 0.000895 
42 53.796996 0.000000 -25.254391 334.854514 0.000195 -1.893620 0.000439 
43 31.794130 0.000000 -3.622300 334.818534 -0.008120 -8.612901 0.000024 
44 -34.214467 0.000000 39.641882 335.004565 -0.000002 -0.531709 -0.000428 
45 -78.220199 0.000000 39.641882 334.949521 -0.000000 -0.535946 -0.000099 
46 -34.214467 0.000000 82.906064 334.972793 -0.000000 -0.559962 -0.000238 
47 -12.211601 0.000000 -25.254391 334.639059 0.000015 -0.519214 0.001754 
48 -34.214467 0.000000 -25.254391 334.853782 0.000002 -0.497874 0.000473 
49 -12.211601 0.000000 -46.886482 334.779435 0.000005 -0.593966 0.000916 
50 -12.211601 0.000000 -3.622300 334.828327 -0.000034 -0.175312 0.000627 
51 31.794130 0.000000 18.009791 335.179830 -0.000281 -1.887391 -0.001504 
52 9.791265 0.000000 18.009791 335.765642 0.000555 -1.220448 -0.004989 
53 53.796996 0.000000 18.009791 334.988882 -0.000342 -1.848681 -0.000362 
54 31.794130 0.000000 39.641882 335.084878 -0.000035 -0.926417 -0.000913 
55 20.792698 0.000000 -14.438346 333.855969 -0.012486 -3.842780 0.006291 
56 9.791265 0.000000 -14.438346 332.936694 -0.035256 -2.203024 0.011844 
57 20.792698 0.000000 -25.254391 334.396293 -0.012190 -1.707646 0.003178 
58 31.794130 0.000000 -14.438346 334.619093 -0.012099 -3.731946 0.001752 
59 20.792698 0.000000 -3.622300 334.471105 -0.009997 -9.506170 0.001953 
60 -12.211601 0.000000 18.009791 335.202627 -0.000015 -0.454504 -0.001610 
61 -34.214467 0.000000 18.009791 334.994476 -0.000002 -0.484672 -0.000367 
62 -12.211601 0.000000 39.641882 335.090004 -0.000006 -0.578075 -0.000939 
63 -1.210168 0.000000 -14.438346 333.894156 -0.001780 -0.480628 0.006194 
64 -12.211601 0.000000 -14.438346 334.611124 0.000019 -0.360197 0.001922 
65 -1.210168 0.000000 -25.254391 334.381678 0.000054 -0.710342 0.003287 
66 -1.210168 0.000000 -3.622300 334.271366 0.000153 1.106136 0.003938 
67 20.792698 0.000000 7.193745 335.791276 0.012747 -4.000244 -0.005272 
68 9.791265 0.000000 7.193745 337.589524 0.034515 -2.379808 -0.015974 
69 31.794130 0.000000 7.193745 335.121029 0.011932 -3.640529 -0.001239 
70 20.792698 0.000000 18.009791 335.482920 0.012355 -1.772403 -0.003312 
71 15.291981 0.000000 -9.030323 332.632425 0.000154 -5.914076 0.013381 
72 9.791265 0.000000 -9.030323 330.759169 -0.008222 -3.432804 0.024665 
73 15.291981 0.000000 -14.438346 333.381396 -0.014910 -3.227390 0.009153 
74 20.792698 0.000000 -9.030323 333.957671 0.001120 -6.087863 0.005487 
75 15.291981 0.000000 -3.622300 333.573858 -0.013184 -11.492671 0.006924 
76 -1.210168 0.000000 7.193745 335.894265 0.001884 -0.067036 -0.005746 
77 -12.211601 0.000000 7.193745 335.142486 -0.000017 -0.267252 -0.001250 
78 -1.210168 0.000000 18.009791 335.522388 -0.000054 -0.610231 -0.003524 
79 4.290548 0.000000 -9.030323 331.969965 -0.013937 -0.665884 0.017613 
80 -1.210168 0.000000 -9.030323 333.709184 -0.003449 0.018454 0.007297 
81 4.290548 0.000000 -14.438346 333.272638 -0.020795 -1.059823 0.009882 
82 4.290548 0.000000 -3.622300 330.172443 0.000614 4.342200 0.028059 
83 15.291981 0.000000 1.785723 336.937811 0.000545 -7.451842 -0.012500 
84 9.791265 0.000000 1.785723 341.599262 0.008831 -5.200844 -0.040442 
85 20.792698 0.000000 1.785723 335.332288 -0.000242 -6.127001 -0.002718 
86 15.291981 0.000000 7.193745 336.587746 0.014910 -3.696915 -0.010025 
87 12.541623 0.000000 -6.326311 329.992390 0.004023 -8.403316 0.028657 
88 9.791265 0.000000 -6.326311 327.338452 0.003194 -4.056097 0.044691 
89 12.541623 0.000000 -9.030323 331.324687 -0.000302 -5.251695 0.021187 
90 15.291981 0.000000 -6.326311 332.383473 0.004572 -8.919960 0.014459 
91 12.541623 0.000000 -3.622300 331.527007 -0.015950 -14.940658 0.018247 
92 4.290548 0.000000 1.785723 338.183008 0.014626 1.473251 -0.019518 
93 -1.210168 0.000000 1.785723 335.563442 0.003441 0.648251 -0.003770 
94 4.290548 0.000000 7.193745 336.976551 0.022051 -0.562526 -0.012241 
95 7.040906 0.000000 -6.326311 330.585913 -0.002206 -1.858024 0.025761 
96 4.290548 0.000000 -6.326311 330.761749 -0.007094 0.076391 0.024755 
97 7.040906 0.000000 -9.030323 331.249081 -0.007035 -1.809220 0.021850 
98 7.040906 0.000000 -3.622300 309.450737 0.024461 33.611414 0.136306 
99 12.541623 0.000000 -0.918289 337.830815 -0.003161 -12.284992 -0.018722 
100 9.791265 0.000000 -0.918289 347.443795 -0.002505 -12.778252 -0.077555 
101 15.291981 0.000000 -0.918289 335.620977 -0.003182 -9.754478 -0.004958 
102 12.541623 0.000000 1.785723 338.750187 0.000663 -7.327893 -0.023400 
103 11.166444 0.000000 -4.974306 325.463545 0.007344 -11.242483 0.054621 
104 9.791265 0.000000 -4.974306 321.419974 0.006773 -4.257241 0.078904 
105 11.166444 0.000000 -6.326311 328.028613 0.003771 -7.103671 0.040356 
106 12.541623 0.000000 -4.974306 329.703651 0.008459 -11.710401 0.029762 
107 11.166444 0.000000 -3.622300 327.359658 -0.019688 -20.327085 0.041030 
108 7.040906 0.000000 -0.918289 348.741879 0.002840 4.385698 -0.084327 
109 4.290548 0.000000 -0.918289 336.901940 0.008185 4.665282 -0.011984 
110 7.040906 0.000000 1.785723 341.404632 0.015575 -0.517504 -0.039018 
111 8.416085 0.000000 -4.974306 328.030507 0.005532 3.380833 0.040693 
112 7.040906 0.000000 -4.974306 334.232771 0.001338 -3.062504 0.004095 
113 8.416085 0.000000 -6.326311 329.175996 0.002285 -1.652026 0.034059 
114 8.416085 0.000000 -3.622300 358.827634 -0.028673 -11.522338 -0.148954 
115 11.166444 0.000000 -2.270294 337.539849 -0.006258 -19.868758 -0.019144 
116 9.791265 0.000000 -2.270294 349.917949 -0.005852 -26.447533 -0.097715 
117 12.541623 0.000000 -2.270294 335.149520 -0.006345 -14.697516 -0.003217 
118 11.166444 0.000000 -0.918289 341.146023 -0.002909 -13.728883 -0.039122 
119 10.478854 0.000000 -4.298303 242.485815 -0.041361 -30.776993 0.467406 
120 9.791265 0.000000 -4.298303 295.234323 -0.071861 -23.859435 0.217933 
121 10.478854 0.000000 -4.974306 322.607839 0.007147 -8.910005 0.071538 
122 11.166444 0.000000 -4.298303 324.897588 0.010897 -15.449226 0.056901 
123 10.478854 0.000000 -3.622300 286.830470 -0.051823 -36.232046 0.254910 
124 8.416085 0.000000 -2.270294 369.747689 -0.004869 -13.460726 -0.220308 
125 7.040906 0.000000 -2.270294 359.173783 -0.000549 17.167845 -0.152613 
126 8.416085 0.000000 -0.918289 352.501883 0.002335 -5.280741 -0.107908 
127 9.103675 0.000000 -4.298303 319.363261 -0.128659 18.325332 0.087820 
128 8.416085 0.000000 -4.298303 325.402195 -0.058490 18.309038 0.053116 
129 9.103675 0.000000 -4.974306 323.509586 0.006286 0.612407 0.067048 
130 9.103675 0.000000 -3.622300 346.498976 -0.043738 -30.901888 -0.078767 
131 10.478854 0.000000 -2.946297 334.720558 -0.008470 -30.067514 -0.006789 
132 9.791265 0.000000 -2.946297 347.603297 0.036092 -90.402690 -0.149940 
133 11.166444 0.000000 -2.946297 332.872487 -0.008560 -21.881206 0.008000 
134 10.478854 0.000000 -2.270294 341.649477 -0.006053 -23.812287 -0.045561 
135 10.135059 0.000000 -3.960301 295.117249 -0.052684 -35.096166 0.212643 
136 9.791265 0.000000 -3.960301 305.531843 -0.053901 -33.809082 0.157671 
137 10.135059 0.000000 -4.298303 281.012008 -0.066016 -26.805540 0.289659 
138 10.478854 0.000000 -3.960301 275.268436 -0.053863 -34.763340 0.313773 
139 10.135059 0.000000 -3.622300 295.321222 -0.050588 -36.655308 0.210573 
140 9.103675 0.000000 -2.946297 382.066466 0.039270 -70.311440 -0.345320 
141 8.416085 0.000000 -2.946297 399.641629 0.019162 -34.676854 -0.434439 
142 9.103675 0.000000 -2.270294 360.881986 -0.005496 -23.641792 -0.165933 
143 9.447470 0.000000 -3.960301 315.968634 -0.063283 -26.615085 0.103724 
144 9.103675 0.000000 -3.960301 335.291341 -0.078570 -11.579227 -0.003334 
145 9.447470 0.000000 -4.298303 317.079669 -0.105615 -0.431965 0.103767 
146 9.447470 0.000000 -3.622300 329.018751 -0.033436 -44.045389 0.017713 
147 10.135059 0.000000 -3.284299 297.828002 -0.048911 -37.839107 0.196532 
148 9.791265 0.000000 -3.284299 308.777249 -0.046379 -38.450747 0.136909 
149 10.478854 0.000000 -3.284299 271.781534 -0.037336 -46.735907 0.322079 
150 10.135059 0.000000 -2.946297 338.750316 -0.008432 -36.088967 -0.034532 
151 9.963162 0.000000 -3.791301 287.428179 -0.052980 -22.878394 0.258886 
152 9.791265 0.000000 -3.791301 307.999128 -0.061886 -29.256634 0.146736 
153 9.963162 0.000000 -3.960301 298.284723 -0.059352 -31.203440 0.198189 
154 10.135059 0.000000 -3.791301 294.724894 -0.051801 -35.739670 0.214300 
155 9.963162 0.000000 -3.622300 303.207927 -0.050007 -36.499603 0.168595 
156 9.447470 0.000000 -3.284299 325.087893 -0.043840 -38.159064 0.044946 
157 9.103675 0.000000 -3.284299 357.629254 -0.017278 -42.864110 -0.156495 
158 9.447470 0.000000 -2.946297 369.576890 0.042056 -81.052879 -0.276129 
159 9.619367 0.000000 -3.791301 315.467087 -0.070770 -22.084156 0.108514 
160 9.447470 0.000000 -3.791301 318.913335 -0.071858 -21.181222 0.089374 
161 9.619367 0.000000 -3.960301 309.321172 -0.059784 -29.980394 0.139079 
162 9.619367 0.000000 -3.622300 336.660796 0.002771 -68.630121 -0.052329 
163 9.963162 0.000000 -3.453299 304.696339 -0.048328 -37.515557 0.159859 
164 9.791265 0.000000 -3.453299 308.177961 -0.047343 -37.977883 0.140527 
165 10.135059 0.000000 -3.453299 296.608096 -0.049532 -37.426259 0.203273 
166 9.963162 0.000000 -3.284299 305.313603 -0.040768 -41.899455 0.153399 
167 9.877213 0.000000 -3.706800 298.939226 -0.050480 -48.898267 0.182070 
168 9.791265 0.000000 -3.706800 307.202636 -0.056991 -35.495526 0.147503 
169 9.877213 0.000000 -3.791301 299.196935 -0.069452 -26.776012 0.195619 
170 9.963162 0.000000 -3.706800 262.163585 -0.044108 -41.100359 0.372270 
171 9.877213 0.000000 -3.622300 306.867601 -0.033887 -53.902947 0.134668 
172 -122.225931 0.000000 -46.886482 334.926203 0.000000 -0.543509 0.000040 
173 -166.231662 0.000000 -46.886482 334.929884 0.000000 -0.546718 0.000018 
174 -122.225931 0.000000 -90.150664 334.923974 0.000000 -0.547516 0.000053 
175 -122.225931 0.000000 -3.622300 334.932243 0.000000 -0.541178 0.000004 
176 -56.217333 0.000000 -25.254391 334.904426 0.000001 -0.518767 0.000170 
177 -78.220199 0.000000 -25.254391 334.919966 0.000000 -0.531025 0.000077 
178 -56.217333 0.000000 -46.886482 334.896471 0.000001 -0.534867 0.000218 
179 -56.217333 0.000000 -3.622300 334.927908 0.000000 -0.508604 0.000030 
180 -23.213034 0.000000 -14.438346 334.810034 0.000004 -0.426371 0.000735 
181 -34.214467 0.000000 -14.438346 334.875575 0.000001 -0.470636 0.000343 
182 -23.213034 0.000000 -25.254391 334.785050 0.000004 -0.490235 0.000883 
183 -23.213034 0.000000 -3.622300 334.897422 0.000000 -0.380449 0.000213 
184 -6.710885 0.000000 -9.030323 334.381877 -0.000134 -0.047441 0.003290 
185 -12.211601 0.000000 -9.030323 334.679641 0.000620 -0.250672 0.001514 
186 -6.710885 0.000000 -14.438346 334.153425 0.000045 -0.085934 0.004652 
187 -6.710885 0.000000 -3.622300 334.703088 -0.000036 0.115506 0.001374 
188 1.540190 0.000000 -6.326311 332.885381 -0.005208 0.564089 0.012189 
189 -1.210168 0.000000 -6.326311 333.807183 -0.003503 0.480926 0.006711 
190 1.540190 0.000000 -9.030323 333.076901 -0.010724 -0.218384 0.011054 
191 1.540190 0.000000 -3.622300 333.536916 0.000373 1.857361 0.008290 
192 5.665727 0.000000 -4.974306 326.832119 -0.002392 -1.945581 0.047756 
193 4.290548 0.000000 -4.974306 329.762184 -0.003228 1.387162 0.030623 
194 5.665727 0.000000 -6.326311 330.042912 -0.006128 -1.273460 0.028975 
195 5.665727 0.000000 -3.622300 318.844899 0.000505 8.313500 0.093146 
196 7.728496 0.000000 -4.298303 335.580187 0.026213 12.037226 -0.005158 
197 7.040906 0.000000 -4.298303 295.489345 0.053050 -54.225649 0.195453 
198 7.728496 0.000000 -4.974306 333.090976 0.002676 2.287137 0.010925 
199 7.728496 0.000000 -3.622300 366.147615 0.011930 12.457907 -0.196460 
200 8.759880 0.000000 -3.960301 337.777811 -0.071806 -4.550495 -0.017242 
201 8.416085 0.000000 -3.960301 339.306924 -0.056180 5.178739 -0.026526 
202 8.759880 0.000000 -4.298303 322.466762 -0.101401 18.889880 0.069876 
203 8.759880 0.000000 -3.622300 352.043841 -0.044148 -18.796339 -0.107932 
204 -122.225931 0.000000 39.641882 334.938593 0.000000 -0.543060 -0.000034 
205 -166.231662 0.000000 39.641882 334.935431 0.000000 -0.546560 -0.000015 
206 -122.225931 0.000000 82.906064 334.941330 0.000000 -0.547015 -0.000050 
207 -56.217333 0.000000 18.009791 334.953786 -0.000000 -0.515269 -0.000124 
208 -78.220199 0.000000 18.009791 334.942139 0.000000 -0.529788 -0.000055 
209 -56.217333 0.000000 39.641882 334.965649 -0.000000 -0.530968 -0.000195 
210 -23.213034 0.000000 7.193745 335.002124 -0.000004 -0.400344 -0.000412 
211 -34.214467 0.000000 7.193745 334.963008 -0.000001 -0.461182 -0.000179 
212 -23.213034 0.000000 18.009791 335.055174 -0.000005 -0.461186 -0.000729 
213 -6.710885 0.000000 1.785723 335.117461 -0.000284 0.090355 -0.001100 
214 -12.211601 0.000000 1.785723 335.008906 -0.000389 -0.183891 -0.000452 
215 -6.710885 0.000000 7.193745 335.512102 -0.000074 0.068147 -0.003459 
216 1.540190 0.000000 -0.918289 335.315803 0.006256 2.219958 -0.002329 
217 -1.210168 0.000000 -0.918289 335.029411 0.003776 1.094624 -0.000584 
218 1.540190 0.000000 1.785723 336.499735 0.011219 1.419396 -0.009393 
219 5.665727 0.000000 -2.270294 335.887157 0.003493 13.253513 -0.007269 
220 4.290548 0.000000 -2.270294 333.840541 0.004427 5.970919 0.006197 
221 5.665727 0.000000 -0.918289 340.784979 0.009490 6.583218 -0.035634 
222 7.728496 0.000000 -2.946297 402.763154 0.005210 15.329291 -0.448143 
223 7.040906 0.000000 -2.946297 376.983533 -0.001755 95.300117 -0.347818 
224 7.728496 0.000000 -2.270294 370.697286 -0.001764 2.763474 -0.225028 
225 8.072291 0.000000 -3.960301 342.025393 -0.022178 9.633813 -0.043625 
226 7.728496 0.000000 -3.960301 344.871224 0.011766 12.126629 -0.061534 
227 8.072291 0.000000 -4.298303 329.313650 -0.012410 16.500821 0.030848 
228 8.072291 0.000000 -3.622300 363.116108 -0.010207 -0.125988 -0.175369 
229 6.353317 0.000000 -4.298303 217.196130 0.039449 -56.646379 0.550875 
230 5.665727 0.000000 -4.298303 321.873815 -0.000759 -0.523634 0.076460 
231 6.353317 0.000000 -4.974306 328.988219 -0.000025 -5.308052 0.034934 
232 6.353317 0.000000 -3.622300 239.524625 0.023020 22.672418 0.483991 
233 7.384701 0.000000 -3.960301 349.140418 0.034873 16.676630 -0.089114 
234 7.040906 0.000000 -3.960301 304.370489 0.040494 10.857387 0.173124 
235 7.384701 0.000000 -4.298303 344.202418 0.047390 -5.929351 -0.056428 
236 7.384701 0.000000 -3.622300 357.226168 0.024529 33.385371 -0.147484 
237 6.353317 0.000000 -2.946297 332.187386 -0.000586 33.370468 0.006403 
238 5.665727 0.000000 -2.946297 327.718656 0.001827 15.089158 0.040588 
239 6.353317 0.000000 -2.270294 343.516176 0.000603 18.968472 -0.055115 
240 6.697112 0.000000 -3.960301 282.942005 0.041491 -9.352014 0.285582 
241 6.353317 0.000000 -3.960301 241.060320 0.032580 -0.035888 0.481994 
242 6.697112 0.000000 -4.298303 256.011061 0.042554 -19.993482 0.412184 
243 6.697112 0.000000 -3.622300 285.108196 0.018383 68.783301 0.233218 
244 6.697112 0.000000 -3.284299 274.434627 0.022322 38.322639 0.315540 
245 6.353317 0.000000 -3.284299 232.942601 0.015210 42.075509 0.500513 
246 7.040906 0.000000 -3.284299 323.572083 0.016943 47.345173 0.046710 
247 6.697112 0.000000 -2.946297 293.570969 -0.000823 133.650034 0.072509 
248 6.869009 0.000000 -3.791301 304.249488 0.043412 5.953544 0.174515 
249 6.697112 0.000000 -3.791301 297.230125 0.044405 -35.216938 0.201411 
250 6.869009 0.000000 -3.960301 299.951675 0.042024 3.336062 0.197880 
251 7.040906 0.000000 -3.791301 313.473620 0.040799 11.661719 0.122826 
252 6.869009 0.000000 -3.622300 297.267613 0.022903 41.348589 0.197027 
253 2.915369 0.000000 -4.974306 331.913615 -0.002842 1.566539 0.017929 
254 1.540190 0.000000 -4.974306 333.000246 -0.002456 1.321676 0.011494 
255 2.915369 0.000000 -6.326311 331.934453 -0.006093 0.645789 0.017824 
256 2.915369 0.000000 -3.622300 332.593614 0.000485 2.881482 0.013849 
257 4.978138 0.000000 -4.298303 326.774014 -0.001281 2.428011 0.048076 
258 4.290548 0.000000 -4.298303 329.556053 -0.001296 2.713142 0.031786 
259 4.978138 0.000000 -4.974306 328.126645 -0.003335 0.486345 0.040230 
260 4.978138 0.000000 -3.622300 327.067863 0.000691 5.797071 0.046116 
261 6.009522 0.000000 -3.960301 130.600455 0.018551 -32.379759 0.838609 
262 5.665727 0.000000 -3.960301 319.087797 -0.000089 2.866802 0.092308 
263 6.009522 0.000000 -4.298303 319.316967 0.000257 -5.439739 0.090813 
264 6.009522 0.000000 -3.622300 156.920976 0.013803 22.402939 0.776021 
265 6.525214 0.000000 -3.791301 218.674286 0.030730 -74.027837 0.524885 
266 6.353317 0.000000 -3.791301 248.853579 0.028387 13.433818 0.446351 
267 6.525214 0.000000 -3.960301 254.105375 0.030793 6.863000 0.423993 
268 6.525214 0.000000 -3.622300 230.619885 0.018764 75.843926 0.474615 
269 2.915369 0.000000 -2.270294 334.119301 0.003785 3.330719 0.004756 
270 1.540190 0.000000 -2.270294 334.370059 0.003180 2.164251 0.003319 
271 2.915369 0.000000 -0.918289 335.671559 0.006954 3.054516 -0.004496 
272 4.978138 0.000000 -2.946297 330.179130 0.002664 8.439893 0.027553 
273 4.290548 0.000000 -2.946297 331.784828 0.002520 5.605097 0.018432 
274 4.978138 0.000000 -2.270294 334.050489 0.004704 8.671300 0.004595 
275 6.009522 0.000000 -3.284299 106.089764 0.003505 129.568207 0.750019 
276 5.665727 0.000000 -3.284299 322.421597 0.001123 13.098953 0.071787 
277 6.009522 0.000000 -2.946297 327.370760 0.000170 22.278183 0.040225 
278 6.525214 0.000000 -3.453299 263.513609 0.023581 31.468241 0.372175 
279 6.353317 0.000000 -3.453299 242.185053 0.021969 28.648899 0.469833 
280 6.697112 0.000000 -3.453299 290.048840 0.017189 71.006049 0.205118 
281 6.525214 0.000000 -3.284299 261.440143 0.018815 39.272926 0.376956 
282 6.611163 0.000000 -3.706800 200.190837 0.018694 59.192360 0.611517 
283 6.525214 0.000000 -3.706800 126.863098 0.017089 3.998605 0.856390 
284 6.611163 0.000000 -3.791301 271.107173 0.043746 -99.839331 0.255957 
285 6.697112 0.000000 -3.706800 270.588454 0.028622 20.132614 0.343705 
286 6.611163 0.000000 -3.622300 237.346446 0.012819 113.844750 0.382299 
287 6.181419 0.000000 -3.791301 226.712254 0.026831 7.615187 0.541306 
288 6.009522 0.000000 -3.791301 189.462065 0.023450 -5.908604 0.679705 
289 6.181419 0.000000 -3.960301 214.900006 0.031722 -16.417801 0.585921 
290 6.181419 0.000000 -3.622300 226.237190 0.025931 12.055296 0.542446 
291 6.439265 0.000000 -3.706800 248.678480 0.027712 16.374136 0.446346 
292 6.353317 0.000000 -3.706800 248.366138 0.027647 16.409034 0.447720 
293 6.439265 0.000000 -3.791301 249.277810 0.028601 12.806717 0.444614 
294 6.439265 0.000000 -3.622300 248.997523 0.026894 20.178585 0.443691 
295 -34.214467 0.000000 -133.414846 334.911504 0.000001 -0.561431 0.000128 
296 -78.220199 0.000000 -133.414846 334.918877 0.000000 -0.553235 0.000084 
297 -34.214467 0.000000 -176.679028 334.919901 0.000000 -0.559136 0.000078 
298 9.791265 0.000000 -133.414846 334.907533 0.000001 -0.576640 0.000151 
299 -12.211601 0.000000 -68.518573 334.849122 0.000003 -0.589877 0.000500 
300 -34.214467 0.000000 -68.518573 334.877163 0.000001 -0.557728 0.000333 
301 -12.211601 0.000000 -90.150664 334.881699 0.000002 -0.580510 0.000305 
302 9.791265 0.000000 -68.518573 334.834500 0.000005 -0.647868 0.000586 
303 -1.210168 0.000000 -36.070437 334.620563 0.000020 -0.696444 0.001863 
304 -12.211601 0.000000 -36.070437 334.717682 0.000009 -0.578985 0.001284 
305 -1.210168 0.000000 -46.886482 334.737801 0.000009 -0.662494 0.001163 
306 9.791265 0.000000 -36.070437 334.573598 0.000035 -0.895785 0.002140 
307 4.290548 0.000000 -19.846368 333.834889 -0.000104 -1.013199 0.006539 
308 -1.210168 0.000000 -19.846368 333.829654 -0.000407 -0.484611 0.006578 
309 4.290548 0.000000 -25.254391 334.258544 0.000055 -0.930789 0.004018 
310 9.791265 0.000000 -19.846368 333.738979 -0.029510 -1.574781 0.007097 
311 7.040906 0.000000 -11.734334 332.229322 -0.025260 -1.712456 0.016055 
312 4.290548 0.000000 -11.734334 332.560055 -0.018535 -0.896964 0.014114 
313 7.040906 0.000000 -14.438346 333.016214 -0.027239 -1.576238 0.011393 
314 9.791265 0.000000 -11.734334 332.042449 -0.011766 -2.737753 0.017121 
315 5.665727 0.000000 -7.678317 330.960432 -0.012585 -1.129601 0.023572 
316 4.290548 0.000000 -7.678317 331.601271 -0.010731 -0.511000 0.019796 
317 5.665727 0.000000 -9.030323 331.624689 -0.016432 -1.222014 0.019646 
318 7.040906 0.000000 -7.678317 330.711775 -0.004896 -1.807871 0.025020 
319 6.353317 0.000000 -5.650309 329.913006 -0.001288 -2.683195 0.029689 
320 5.665727 0.000000 -5.650309 329.052878 -0.004239 -1.571019 0.034784 
321 6.353317 0.000000 -6.326311 330.260250 -0.002527 -1.845430 0.027680 
322 7.040906 0.000000 -5.650309 331.210645 -0.000604 -2.144296 0.022065 
323 6.697112 0.000000 -4.636304 333.715894 0.001560 -8.650562 0.006590 
324 6.353317 0.000000 -4.636304 327.415797 0.000591 -8.471752 0.043746 
325 6.697112 0.000000 -4.974306 331.904963 0.000610 -5.226979 0.017758 
326 7.040906 0.000000 -4.636304 338.512657 0.002663 -3.644887 -0.021606 
327 6.525214 0.000000 -4.129302 247.709371 0.034816 -4.164687 0.452870 
328 6.353317 0.000000 -4.129302 219.107472 0.033132 -20.602748 0.568262 
329 6.525214 0.000000 -4.298303 241.122609 0.039546 -22.044328 0.477395 
330 6.697112 0.000000 -4.129302 261.022935 0.038170 -4.481733 0.392469 
331 6.611163 0.000000 -3.875801 284.968997 0.043186 -42.274632 0.260169 
332 6.525214 0.000000 -3.875801 252.239258 0.029957 9.028566 0.432109 
333 6.611163 0.000000 -3.960301 262.859624 0.033289 6.017704 0.383748 
334 6.697112 0.000000 -3.875801 302.427881 0.046623 -19.959856 0.181131 
335 6.568189 0.000000 -3.749051 159.458979 0.024710 -96.159480 0.690910 
336 6.525214 0.000000 -3.749051 155.927292 0.021400 -43.160266 0.766660 
337 6.568189 0.000000 -3.791301 224.091257 0.033156 -87.283433 0.484444 
338 6.611163 0.000000 -3.749051 240.938333 0.032654 -66.671074 0.442894 
339 6.568189 0.000000 -3.706800 135.120369 0.015612 20.750652 0.833410 
340 7.384701 0.000000 -3.284299 383.800093 0.010821 46.083444 -0.332018 
341 7.728496 0.000000 -3.284299 392.749342 0.005979 10.004927 -0.375929 
342 7.384701 0.000000 -2.946297 396.181873 0.000282 53.512178 -0.424703 
343 6.869009 0.000000 -3.453299 318.203099 0.014370 68.357952 0.055752 
344 7.040906 0.000000 -3.453299 339.968085 0.013090 57.436588 -0.059698 
345 6.869009 0.000000 -3.284299 304.747477 0.019979 43.805179 0.155022 
346 8.072291 0.000000 -3.284299 390.292761 0.006155 -16.836270 -0.360416 
347 8.416085 0.000000 -3.284299 382.810367 0.003891 -32.467766 -0.315720 
348 8.072291 0.000000 -2.946297 404.060530 0.008724 -6.650260 -0.455773 
349 8.759880 0.000000 -3.284299 371.579305 -0.001969 -39.661706 -0.244819 
350 8.759880 0.000000 -2.946297 392.126705 0.030703 -55.320226 -0.397960 
351 9.619367 0.000000 -3.453299 323.364992 -0.030539 -46.536715 0.048580 
352 9.447470 0.000000 -3.453299 326.967904 -0.031287 -44.736781 0.029158 
353 9.619367 0.000000 -3.284299 316.820939 -0.039016 -41.190159 0.090107 
354 9.705316 0.000000 -3.706800 316.264414 -0.052263 -34.933611 0.097493 
355 9.619367 0.000000 -3.706800 317.650189 -0.064735 -25.893196 0.094564 
356 9.705316 0.000000 -3.791301 307.880383 -0.078704 -17.609967 0.152254 
357 9.705316 0.000000 -3.622300 318.970798 -0.039689 -43.088458 0.076496 
358 53.796996 0.000000 -133.414846 334.911602 0.000002 -0.591775 0.000127 
359 53.796996 0.000000 -176.679028 334.919935 0.000001 -0.572686 0.000077 
360 97.802728 0.000000 -133.414846 334.918954 0.000003 -0.599880 0.000083 
361 31.794130 0.000000 -68.518573 334.849909 0.000009 -0.705300 0.000494 
362 31.794130 0.000000 -90.150664 334.881988 0.000004 -0.632966 0.000303 
363 53.796996 0.000000 -68.518573 334.877888 0.000012 -0.736684 0.000326 
364 20.792698 0.000000 -36.070437 334.626248 0.000048 -1.091214 0.001822 
365 20.792698 0.000000 -46.886482 334.739933 0.000020 -0.852060 0.001148 
366 31.794130 0.000000 -36.070437 334.723284 0.000058 -1.202972 0.001241 
367 15.291981 0.000000 -19.846368 333.817463 -0.037224 -2.145675 0.006611 
368 15.291981 0.000000 -25.254391 334.268063 -0.011362 -1.502487 0.003949 
369 20.792698 0.000000 -19.846368 334.193281 -0.037103 -2.408285 0.004363 
370 12.541623 0.000000 -11.734334 332.539548 -0.013293 -3.631888 0.014126 
371 12.541623 0.000000 -14.438346 333.083932 -0.014348 -2.789173 0.010944 
372 15.291981 0.000000 -11.734334 332.976535 -0.013925 -4.330878 0.011483 
373 11.166444 0.000000 -7.678317 329.824552 0.001318 -5.369013 0.030017 
374 9.791265 0.000000 -7.678317 329.608021 0.000935 -3.786457 0.031419 
375 11.166444 0.000000 -9.030323 330.920027 -0.000385 -4.397924 0.023649 
376 12.541623 0.000000 -7.678317 330.646461 0.001501 -6.534560 0.025054 
377 10.478854 0.000000 -5.650309 325.483766 0.005120 -6.792034 0.055219 
378 9.791265 0.000000 -5.650309 325.205365 0.004757 -4.118935 0.057094 
379 10.478854 0.000000 -6.326311 327.379404 0.003513 -5.725886 0.044306 
380 11.166444 0.000000 -5.650309 326.789642 0.005313 -8.668293 0.047368 
381 10.135059 0.000000 -4.636304 318.866119 0.008257 -8.086664 0.093059 
382 9.791265 0.000000 -4.636304 318.312338 0.008052 -4.432499 0.096612 
383 10.135059 0.000000 -4.974306 321.628353 0.006974 -6.793150 0.077459 
384 10.478854 0.000000 -4.636304 320.659640 0.008438 -10.881776 0.082361 
385 9.963162 0.000000 -4.129302 298.762896 -0.060288 -30.580928 0.195987 
386 9.791265 0.000000 -4.129302 300.688645 -0.061632 -29.816303 0.186108 
387 9.963162 0.000000 -4.298303 291.824802 -0.063149 -29.027852 0.233339 
388 10.135059 0.000000 -4.129302 290.368599 -0.061770 -29.800163 0.240491 
389 9.877213 0.000000 -3.875801 303.948063 -0.052997 -34.458736 0.165880 
390 9.791265 0.000000 -3.875801 305.738307 -0.053243 -34.272433 0.156265 
391 9.877213 0.000000 -3.960301 303.954222 -0.053591 -34.023220 0.166113 
392 9.963162 0.000000 -3.875801 302.327469 -0.052718 -34.621929 0.174538 
393 141.808460 0.000000 -46.886482 334.925665 0.000044 -0.968743 0.000038 
394 141.808460 0.000000 -90.150664 334.923933 0.000008 -0.665530 0.000052 
395 185.814192 0.000000 -46.886482 334.929265 0.000044 -0.966820 0.000016 
396 141.808460 0.000000 -3.622300 334.920013 -0.008070 -8.104237 -0.000506 
397 75.799862 0.000000 -25.254391 334.903155 0.000202 -1.876453 0.000149 
398 75.799862 0.000000 -46.886482 334.896736 0.000040 -0.975518 0.000210 
399 97.802728 0.000000 -25.254391 334.918178 0.000206 -1.867676 0.000060 
400 75.799862 0.000000 -3.622300 334.915549 -0.008497 -8.204767 -0.000494 
401 42.795563 0.000000 -14.438346 334.809686 -0.000212 -3.652422 0.000619 
402 42.795563 0.000000 -25.254391 334.788874 0.000189 -1.899766 0.000830 
403 53.796996 0.000000 -14.438346 334.872607 0.001027 -3.603724 0.000247 
404 42.795563 0.000000 -3.622300 334.883659 -0.008614 -8.365179 -0.000327 
405 26.293414 0.000000 -9.030323 334.439639 -0.002744 -6.017665 0.002623 
406 26.293414 0.000000 -14.438346 334.404274 -0.016364 -3.751554 0.003031 
407 31.794130 0.000000 -9.030323 334.688559 -0.001857 -5.765614 0.001165 
408 26.293414 0.000000 -3.622300 334.712007 -0.008230 -8.994075 0.000600 
409 18.042339 0.000000 -6.326311 333.592106 0.005028 -8.298539 0.007379 
410 18.042339 0.000000 -9.030323 333.425192 0.000582 -6.163830 0.008647 
411 20.792698 0.000000 -6.326311 334.122949 0.005679 -7.984808 0.004265 
412 18.042339 0.000000 -3.622300 334.189099 -0.011898 -10.246223 0.003503 
413 13.916802 0.000000 -4.974306 331.761592 0.008812 -11.052683 0.017761 
414 13.916802 0.000000 -6.326311 331.423910 0.004357 -8.872638 0.020145 
415 15.291981 0.000000 -4.974306 332.815574 0.009015 -10.446918 0.011633 
416 13.916802 0.000000 -3.622300 332.928494 -0.014196 -12.673182 0.010504 
417 11.854033 0.000000 -4.298303 328.353107 0.011355 -14.576683 0.037013 
418 11.854033 0.000000 -4.974306 327.953336 0.007541 -11.820919 0.040000 
419 12.541623 0.000000 -4.298303 330.278096 0.012054 -13.579358 0.025961 
420 11.854033 0.000000 -3.622300 330.113598 -0.017284 -16.940031 0.026015 
421 10.822649 0.000000 -3.960301 322.398892 0.001830 -19.289664 0.070130 
422 10.822649 0.000000 -4.298303 322.120302 0.010741 -15.409263 0.072931 
423 11.166444 0.000000 -3.960301 325.600427 0.001418 -18.040086 0.052053 
424 10.822649 0.000000 -3.622300 324.760380 -0.001737 -23.176118 0.055036 
425 10.306957 0.000000 -3.791301 288.758806 -0.059505 -31.218449 0.248030 
426 10.306957 0.000000 -3.960301 286.754688 -0.052933 -35.375148 0.255844 
427 10.478854 0.000000 -3.791301 286.606244 -0.052258 -35.860291 0.256295 
428 10.306957 0.000000 -3.622300 293.007502 -0.043480 -41.039450 0.219671 
429 10.049111 0.000000 -3.706800 301.172223 -0.050991 -35.793857 0.180018 
430 10.049111 0.000000 -3.791301 296.891079 -0.057386 -32.473552 0.204862 
431 10.135059 0.000000 -3.706800 294.891398 -0.051207 -36.187432 0.213138 
432 10.049111 0.000000 -3.622300 301.716026 -0.050162 -36.362109 0.176730 
433 9.920188 0.000000 -3.749051 279.595658 -0.057497 -30.264725 0.294977 
434 9.877213 0.000000 -3.749051 294.409147 -0.083360 -16.989060 0.224772 
435 9.920188 0.000000 -3.791301 298.779221 -0.068280 -23.646029 0.199252 
436 9.963162 0.000000 -3.749051 267.328891 -0.050709 -26.912662 0.356491 
437 9.920188 0.000000 -3.706800 280.302966 -0.052185 -37.078311 0.287357 
438 10.049111 0.000000 -3.875801 296.959410 -0.058129 -31.946982 0.204803 
439 10.049111 0.000000 -3.960301 295.882722 -0.052986 -34.955230 0.208699 
440 10.135059 0.000000 -3.875801 294.823780 -0.052305 -35.367154 0.214017 
441 10.006136 0.000000 -3.749051 273.455642 -0.046982 -32.206421 0.324166 
442 10.006136 0.000000 -3.791301 301.589319 -0.051867 -35.206318 0.178148 
443 10.049111 0.000000 -3.749051 296.952098 -0.057001 -32.753197 0.204376 
444 10.006136 0.000000 -3.706800 272.654367 -0.045925 -34.366797 0.326785 
445 9.877213 0.000000 -3.537800 305.730596 -0.048706 -37.281184 0.154388 
446 9.791265 0.000000 -3.537800 311.130119 -0.037023 -45.819139 0.118372 
447 9.963162 0.000000 -3.537800 303.931743 -0.049080 -37.080518 0.164297 
448 9.877213 0.000000 -3.453299 306.356076 -0.047856 -37.764529 0.150652 
449 9.920188 0.000000 -3.664550 299.322180 -0.052880 -41.961489 0.185646 
450 9.877213 0.000000 -3.664550 302.277264 -0.048669 -46.260886 0.166417 
451 9.963162 0.000000 -3.664550 286.267165 -0.039808 -52.735389 0.244699 
452 9.920188 0.000000 -3.622300 302.822743 -0.043215 -47.349739 0.162566 
453 9.941675 0.000000 -3.727925 268.244033 -0.050005 -32.043170 0.349426 
454 9.920188 0.000000 -3.727925 278.831283 -0.055795 -32.507617 0.297527 
455 9.941675 0.000000 -3.749051 272.822702 -0.052651 -29.873309 0.328540 
456 9.963162 0.000000 -3.727925 252.101228 -0.049220 -15.486448 0.431319 
457 9.941675 0.000000 -3.706800 271.381448 -0.048780 -36.777255 0.331430 
458 141.808460 0.000000 39.641882 334.937869 -0.000044 -0.953646 -0.000035 
459 185.814192 0.000000 39.641882 334.934771 -0.000044 -0.949022 -0.000016 
460 141.808460 0.000000 82.906064 334.941058 -0.000004 -0.663805 -0.000050 
461 75.799862 0.000000 18.009791 334.950920 -0.000344 -1.815735 -0.000134 
462 97.802728 0.000000 18.009791 334.939871 -0.000341 -1.798646 -0.000068 
463 75.799862 0.000000 39.641882 334.964052 -0.000045 -0.967477 -0.000192 
464 42.795563 0.000000 7.193745 334.990506 -0.001370 -3.491423 -0.000450 
465 53.796996 0.000000 7.193745 334.955847 -0.001373 -3.418395 -0.000238 
466 42.795563 0.000000 18.009791 335.044897 -0.000327 -1.873970 -0.000697 
467 26.293414 0.000000 1.785723 335.097700 0.004043 -5.804603 -0.001282 
468 31.794130 0.000000 1.785723 334.987083 0.003383 -5.441392 -0.000585 
469 26.293414 0.000000 7.193745 335.294027 0.016609 -3.749434 -0.002280 
470 18.042339 0.000000 -0.918289 335.074962 -0.003271 -8.327820 -0.001464 
471 20.792698 0.000000 -0.918289 334.952744 -0.003338 -7.725081 -0.000648 
472 18.042339 0.000000 1.785723 335.766643 0.000202 -6.582504 -0.005368 
473 13.916802 0.000000 -2.270294 334.698441 -0.007323 -12.101315 0.000097 
474 15.291981 0.000000 -2.270294 334.608226 -0.007263 -10.765638 0.000907 
475 13.916802 0.000000 -0.918289 336.275084 -0.003237 -10.704247 -0.009049 
476 13.229212 0.000000 -4.298303 331.447564 0.012512 -12.793571 0.019247 
477 13.229212 0.000000 -4.974306 330.908539 0.008599 -11.398349 0.022731 
478 13.916802 0.000000 -4.298303 332.236083 0.013078 -12.118211 0.014732 
479 13.229212 0.000000 -3.622300 332.366688 -0.014976 -13.635786 0.013610 
480 16.667160 0.000000 -4.974306 333.407380 0.008415 -10.080133 0.008186 
481 16.667160 0.000000 -6.326311 333.089937 0.004809 -8.632219 0.010313 
482 18.042339 0.000000 -4.974306 333.819265 0.008659 -9.657165 0.005810 
483 16.667160 0.000000 -3.622300 333.938650 -0.012402 -10.841056 0.004883 
484 14.604391 0.000000 -4.298303 332.762738 0.013576 -11.625978 0.011715 
485 14.604391 0.000000 -4.974306 332.372039 0.008914 -10.719729 0.014212 
486 15.291981 0.000000 -4.298303 333.143115 0.014163 -11.231896 0.009537 
487 14.604391 0.000000 -3.622300 333.302961 -0.013650 -12.003831 0.008427 
488 16.667160 0.000000 -2.270294 334.627245 -0.006152 -10.050732 0.000927 
489 18.042339 0.000000 -2.270294 334.660237 -0.006085 -9.452945 0.000834 
490 16.667160 0.000000 -0.918289 335.248043 -0.003229 -8.924808 -0.002590 
491 14.604391 0.000000 -2.946297 333.954054 -0.008892 -11.796868 0.004599 
492 13.916802 0.000000 -2.946297 333.791563 -0.008950 -12.556508 0.005401 
493 15.291981 0.000000 -2.946297 334.081299 -0.008833 -11.224494 0.003958 
494 14.604391 0.000000 -2.270294 334.642149 -0.007297 -11.363319 0.000587 
495 14.260597 0.000000 -3.960301 332.805346 -0.000131 -12.185973 0.011343 
496 13.916802 0.000000 -3.960301 332.554656 0.000016 -12.504570 0.012760 
497 14.260597 0.000000 -4.298303 332.522792 0.013329 -11.852142 0.013090 
498 14.604391 0.000000 -3.960301 333.014811 -0.000271 -11.917734 0.010157 
499 14.260597 0.000000 -3.622300 333.132142 -0.013899 -12.308729 0.009376 
500 15.979571 0.000000 -4.298303 333.419791 0.014438 -10.981107 0.007943 
501 15.979571 0.000000 -4.974306 333.135484 0.008314 -10.288102 0.009763 
502 16.667160 0.000000 -4.298303 333.644380 0.015104 -10.725225 0.006657 
503 15.979571 0.000000 -3.622300 333.774859 -0.012825 -11.148259 0.005798 
504 23.543056 0.000000 -6.326311 334.394737 0.002846 -7.821777 0.002668 
505 23.543056 0.000000 -9.030323 334.213921 -0.004699 -6.189243 0.003950 
506 26.293414 0.000000 -6.326311 334.554582 0.004065 -7.692666 0.001733 
507 23.543056 0.000000 -3.622300 334.624156 -0.008716 -9.138160 0.001101 
508 19.417518 0.000000 -4.974306 334.092942 0.009103 -9.311153 0.004239 
509 19.417518 0.000000 -6.326311 333.902928 0.005343 -8.130236 0.005554 
510 20.792698 0.000000 -4.974306 334.272630 0.009844 -9.111574 0.003201 
511 19.417518 0.000000 -3.622300 334.356891 -0.011213 -9.777539 0.002587 
512 17.354750 0.000000 -4.298303 333.825156 0.015817 -10.487121 0.005626 
513 17.354750 0.000000 -4.974306 333.627092 0.008535 -9.881266 0.006915 
514 18.042339 0.000000 -4.298303 333.985161 0.016525 -10.220914 0.004723 
515 17.354750 0.000000 -3.622300 334.072486 -0.012122 -10.663904 0.004120 
516 23.543056 0.000000 -0.918289 334.915882 0.000285 -7.409902 -0.000385 
517 26.293414 0.000000 -0.918289 334.909731 -0.000702 -7.201688 -0.000321 
518 23.543056 0.000000 1.785723 335.191622 0.006171 -5.996518 -0.001863 
519 19.417518 0.000000 -2.270294 334.680922 -0.005917 -8.905874 0.000800 
520 20.792698 0.000000 -2.270294 334.711347 -0.005717 -8.614124 0.000664 
521 19.417518 0.000000 -0.918289 335.004919 -0.003292 -8.001275 -0.000998 
522 18.729929 0.000000 -4.298303 334.123170 0.017352 -9.944058 0.003951 
523 18.729929 0.000000 -4.974306 333.977061 0.008847 -9.432376 0.004909 
524 19.417518 0.000000 -4.298303 334.213615 0.018437 -9.812620 0.003435 
525 18.729929 0.000000 -3.622300 334.289919 -0.011608 -9.934254 0.002959 
526 18.729929 0.000000 -2.946297 334.476215 -0.007862 -9.533618 0.001918 
527 18.042339 0.000000 -2.946297 334.418104 -0.007994 -9.863156 0.002207 
528 19.417518 0.000000 -2.946297 334.516171 -0.007689 -9.366486 0.001708 
529 18.729929 0.000000 -2.270294 334.665378 -0.006005 -9.086458 0.000864 
530 18.386134 0.000000 -3.960301 334.143165 -0.001332 -10.188723 0.003788 
531 18.042339 0.000000 -3.960301 334.082687 -0.001316 -10.322716 0.004123 
532 18.386134 0.000000 -4.298303 334.054366 0.016938 -10.096741 0.004333 
533 18.729929 0.000000 -3.960301 334.202990 -0.001316 -10.026492 0.003460 
534 18.386134 0.000000 -3.622300 334.239926 -0.011768 -10.104213 0.003226 
535 22.167877 0.000000 -4.974306 334.399006 0.010562 -8.968863 0.002471 
536 22.167877 0.000000 -6.326311 334.276056 0.006007 -7.882324 0.003367 
537 23.543056 0.000000 -4.974306 334.502952 0.010860 -8.833007 0.001873 
538 22.167877 0.000000 -3.622300 334.553303 -0.008982 -9.312694 0.001495 
539 20.105108 0.000000 -4.298303 334.294762 0.019776 -9.688733 0.002973 
540 20.105108 0.000000 -4.974306 334.190215 0.009452 -9.204784 0.003677 
541 20.792698 0.000000 -4.298303 334.363849 0.021294 -9.580882 0.002580 
542 20.105108 0.000000 -3.622300 334.418345 -0.010637 -9.632145 0.002246 
543 22.167877 0.000000 -2.270294 334.738351 -0.005537 -8.408084 0.000534 
544 23.543056 0.000000 -2.270294 334.768318 -0.003155 -8.250401 0.000378 
545 22.167877 0.000000 -0.918289 334.924980 -0.003421 -7.535061 -0.000456 
546 21.480287 0.000000 -4.298303 334.422947 0.003944 -9.484774 0.002244 
547 21.480287 0.000000 -4.974306 334.343101 0.010244 -9.028580 0.002795 
548 22.167877 0.000000 -4.298303 334.469930 0.004293 -9.416346 0.001975 
549 21.480287 0.000000 -3.622300 334.516724 -0.009390 -9.394602 0.001700 
550 21.480287 0.000000 -2.946297 334.619855 -0.006970 -8.963845 0.001155 
551 20.792698 0.000000 -2.946297 334.589415 -0.007212 -9.079867 0.001318 
552 22.167877 0.000000 -2.946297 334.644685 -0.006785 -8.876506 0.001021 
553 21.480287 0.000000 -2.270294 334.725853 -0.005613 -8.497157 0.000595 
554 21.136492 0.000000 -3.960301 334.442685 0.000339 -9.572792 0.002111 
555 20.792698 0.000000 -3.960301 334.415351 0.000011 -9.626651 0.002265 
556 21.136492 0.000000 -4.298303 334.394563 0.012880 -9.531614 0.002405 
557 21.480287 0.000000 -3.960301 334.467981 0.000627 -9.521641 0.001969 
558 21.136492 0.000000 -3.622300 334.494748 -0.009678 -9.448899 0.001821 
559 11.854033 0.000000 -2.946297 332.993519 -0.008547 -17.658461 0.008770 
560 12.541623 0.000000 -2.946297 333.297835 -0.009134 -15.200833 0.007683 
561 11.854033 0.000000 -2.270294 335.844662 -0.006327 -16.778763 -0.007959 
562 12.197828 0.000000 -3.960301 330.055511 0.000788 -15.091728 0.026885 
563 11.854033 0.000000 -3.960301 329.046740 0.000923 -15.915346 0.032584 
564 12.197828 0.000000 -4.298303 329.439273 0.011859 -14.069626 0.030773 
565 12.541623 0.000000 -3.960301 330.816005 0.000593 -14.400977 0.022586 
566 12.197828 0.000000 -3.622300 330.918325 -0.016654 -15.826212 0.021599 
567 13.229212 0.000000 -2.946297 333.570210 -0.009094 -13.664757 0.006459 
568 13.229212 0.000000 -2.270294 334.840663 -0.007433 -13.204342 -0.001001 
569 12.885418 0.000000 -3.960301 331.393964 0.000414 -13.837814 0.019316 
570 12.885418 0.000000 -4.298303 330.921157 0.012329 -13.186006 0.022265 
571 13.229212 0.000000 -3.960301 331.861043 0.000240 -13.333028 0.016677 
572 12.885418 0.000000 -3.622300 331.990313 -0.015488 -14.241090 0.015689 
573 12.197828 0.000000 -3.284299 331.977848 -0.010624 -16.216179 0.015226 
574 11.854033 0.000000 -3.284299 331.479201 -0.010312 -17.522519 0.017783 
575 12.541623 0.000000 -3.284299 332.372220 -0.010557 -15.180992 0.013181 
576 12.197828 0.000000 -2.946297 333.145484 -0.009148 -16.289688 0.008282 
577 12.369725 0.000000 -3.791301 330.828406 -0.001092 -15.086290 0.022333 
578 12.197828 0.000000 -3.791301 330.457972 -0.000994 -15.502565 0.024403 
579 12.369725 0.000000 -3.960301 330.461510 0.000688 -14.731647 0.024590 
580 12.541623 0.000000 -3.791301 331.151560 -0.001187 -14.708943 0.020526 
581 12.369725 0.000000 -3.622300 331.243075 -0.016312 -15.359700 0.019811 
582 37.294847 0.000000 -9.030323 334.788297 -0.000180 -5.663319 0.000580 
583 37.294847 0.000000 -14.438346 334.741352 -0.004017 -3.692417 0.001025 
584 42.795563 0.000000 -9.030323 334.840865 0.002456 -5.614208 0.000271 
585 37.294847 0.000000 -3.622300 334.862691 -0.008436 -8.457446 -0.000216 
586 29.043772 0.000000 -6.326311 334.676069 0.002648 -7.494742 0.001035 
587 29.043772 0.000000 -9.030323 334.600960 -0.005773 -5.845963 0.001679 
588 31.794130 0.000000 -6.326311 334.745599 0.004309 -7.387163 0.000634 
589 29.043772 0.000000 -3.622300 334.779224 -0.008379 -8.721743 0.000242 
590 24.918235 0.000000 -4.974306 334.561604 0.009772 -8.859837 0.001519 
591 24.918235 0.000000 -6.326311 334.473291 0.003498 -7.800742 0.002203 
592 26.293414 0.000000 -4.974306 334.625781 0.010075 -8.736136 0.001155 
593 24.918235 0.000000 -3.622300 334.668174 -0.008212 -9.140465 0.000838 
594 22.855466 0.000000 -4.298303 334.514253 0.004346 -9.344454 0.001723 
595 22.855466 0.000000 -4.974306 334.450799 0.010865 -8.905928 0.002172 
596 23.543056 0.000000 -4.298303 334.559067 0.004387 -9.264105 0.001469 
597 22.855466 0.000000 -3.622300 334.588213 -0.008831 -9.228846 0.001301 
598 21.824082 0.000000 -3.960301 334.491482 0.000831 -9.473608 0.001837 
599 21.824082 0.000000 -4.298303 334.449280 0.004162 -9.440858 0.002094 
600 22.167877 0.000000 -3.960301 334.509946 0.000944 -9.445287 0.001731 
601 21.824082 0.000000 -3.622300 334.537212 -0.009155 -9.343629 0.001586 
602 37.294847 0.000000 1.785723 334.957884 0.002559 -5.300633 -0.000397 
603 42.795563 0.000000 1.785723 334.940751 -0.003087 -5.228786 -0.000288 
604 37.294847 0.000000 7.193745 335.032468 0.005432 -3.554963 -0.000705 
605 29.043772 0.000000 -0.918289 334.904166 0.001375 -6.947927 -0.000256 
606 31.794130 0.000000 -0.918289 334.904284 -0.000548 -6.812299 -0.000240 
607 29.043772 0.000000 1.785723 335.021373 0.006761 -5.557786 -0.000801 
608 24.918235 0.000000 -2.270294 334.791021 -0.003495 -8.220935 0.000247 
609 26.293414 0.000000 -2.270294 334.810986 -0.003812 -8.071051 0.000150 
610 24.918235 0.000000 -0.918289 334.914739 -0.000077 -7.346977 -0.000370 
611 24.230645 0.000000 -4.298303 334.588788 0.003909 -9.259346 0.001292 
612 24.230645 0.000000 -4.974306 334.536726 0.009591 -8.833928 0.001671 
613 24.918235 0.000000 -4.298303 334.611484 0.003907 -9.281059 0.001153 
614 24.230645 0.000000 -3.622300 334.648591 -0.008211 -9.125255 0.000957 
615 27.668593 0.000000 -4.974306 334.676759 0.010349 -8.628088 0.000868 
616 27.668593 0.000000 -6.326311 334.613895 0.004564 -7.623757 0.001389 
617 29.043772 0.000000 -4.974306 334.724285 0.010586 -8.502382 0.000604 
618 27.668593 0.000000 -3.622300 334.746623 -0.008386 -8.862344 0.000415 
619 25.605824 0.000000 -4.298303 334.637127 0.003918 -9.236070 0.001008 
620 25.605824 0.000000 -4.974306 334.591402 0.009928 -8.819906 0.001347 
621 26.293414 0.000000 -4.298303 334.665992 0.003997 -9.147102 0.000850 
622 25.605824 0.000000 -3.622300 334.688879 -0.008218 -9.089131 0.000723 
623 27.668593 0.000000 -2.270294 334.827127 -0.004079 -7.939314 0.000072 
624 29.043772 0.000000 -2.270294 334.840603 -0.004313 -7.796228 0.000012 
625 27.668593 0.000000 -0.918289 334.902047 -0.001243 -7.051627 -0.000256 
626 25.605824 0.000000 -2.946297 334.744208 -0.005480 -8.640238 0.000464 
627 24.918235 0.000000 -2.946297 334.728984 -0.005392 -8.693221 0.000546 
628 26.293414 0.000000 -2.946297 334.761201 -0.005559 -8.543387 0.000377 
629 25.605824 0.000000 -2.270294 334.800536 -0.003658 -8.168289 0.000198 
630 25.262030 0.000000 -3.960301 334.651779 0.000788 -9.254315 0.000917 
631 24.918235 0.000000 -3.960301 334.638950 0.000820 -9.287815 0.000988 
632 25.262030 0.000000 -4.298303 334.625702 0.003908 -9.249593 0.001074 
633 25.605824 0.000000 -3.960301 334.662240 0.000721 -9.238961 0.000857 
634 25.262030 0.000000 -3.622300 334.679485 -0.008214 -9.105653 0.000776 
635 26.981004 0.000000 -4.298303 334.685647 0.015971 -9.093885 0.000741 
636 26.981004 0.000000 -4.974306 334.650585 0.010213 -8.687946 0.001015 
637 27.668593 0.000000 -4.298303 334.708752 0.015896 -9.028844 0.000614 
638 26.981004 0.000000 -3.622300 334.728532 -0.008300 -8.934353 0.000511 
639 141.808460 0.000000 -133.414846 334.924545 0.000003 -0.602609 0.000049 
640 141.808460 0.000000 -176.679028 334.925964 0.000001 -0.579682 0.000041 
641 185.814192 0.000000 -133.414846 334.927863 0.000003 -0.603165 0.000030 
642 -122.225931 0.000000 -133.414846 334.924526 0.000000 -0.550489 0.000050 
643 -166.231662 0.000000 -133.414846 334.927885 0.000000 -0.549963 0.000030 
644 -122.225931 0.000000 -176.679028 334.925944 0.000000 -0.552090 0.000042 
645 75.799862 0.000000 -68.518573 334.899573 0.000014 -0.747647 0.000197 
646 75.799862 0.000000 -90.150664 334.905332 0.000007 -0.660380 0.000163 
647 97.802728 0.000000 -68.518573 334.912652 0.000016 -0.750069 0.000119 
648 -56.217333 0.000000 -68.518573 334.899210 0.000001 -0.546482 0.000201 
649 -78.220199 0.000000 -68.518573 334.912566 0.000000 -0.544096 0.000121 
650 -56.217333 0.000000 -90.150664 334.905078 0.000001 -0.552632 0.000166 
651 42.795563 0.000000 -36.070437 334.802262 0.000066 -1.245252 0.000769 
652 42.795563 0.000000 -46.886482 334.825186 0.000031 -0.954134 0.000638 
653 53.796996 0.000000 -36.070437 334.851971 0.000072 -1.255941 0.000472 
654 -23.213034 0.000000 -36.070437 334.798940 0.000004 -0.534175 0.000800 
655 -34.214467 0.000000 -36.070437 334.850434 0.000002 -0.523071 0.000493 
656 -23.213034 0.000000 -46.886482 334.823008 0.000003 -0.556876 0.000656 
657 26.293414 0.000000 -19.846368 334.443028 -0.016489 -2.540778 0.002868 
658 26.293414 0.000000 -25.254391 334.533650 -0.010380 -1.821992 0.002356 
659 31.794130 0.000000 -19.846368 334.615918 -0.012459 -2.576691 0.001835 
660 -6.710885 0.000000 -19.846368 334.430545 0.001694 -0.503843 0.002998 
661 -12.211601 0.000000 -19.846368 334.608716 0.000018 -0.454804 0.001936 
662 -6.710885 0.000000 -25.254391 334.521405 0.000029 -0.581020 0.002455 
663 18.042339 0.000000 -11.734334 333.517645 -0.013013 -4.631642 0.008245 
664 18.042339 0.000000 -14.438346 333.699493 -0.014135 -3.537678 0.007243 
665 20.792698 0.000000 -11.734334 333.927948 -0.011091 -4.727484 0.005795 
666 1.540190 0.000000 -11.734334 333.413759 -0.011556 -0.591967 0.009050 
667 -1.210168 0.000000 -11.734334 333.771834 0.000503 -0.296429 0.006923 
668 1.540190 0.000000 -14.438346 333.579397 -0.016693 -0.695454 0.008064 
669 13.916802 0.000000 -7.678317 331.609545 0.001702 -7.045597 0.019307 
670 13.916802 0.000000 -9.030323 331.899086 -0.000126 -5.829206 0.017734 
671 15.291981 0.000000 -7.678317 332.356394 0.001997 -7.323615 0.014851 
672 8.416085 0.000000 -7.678317 330.119902 -0.005017 -2.481158 0.028481 
673 8.416085 0.000000 -9.030323 330.938164 -0.007617 -2.514067 0.023658 
674 11.854033 0.000000 -5.650309 328.319706 0.005517 -9.623132 0.038277 
675 11.854033 0.000000 -6.326311 328.959562 0.003875 -7.998959 0.034783 
676 12.541623 0.000000 -5.650309 329.651082 0.005670 -9.975203 0.030406 
677 7.728496 0.000000 -5.650309 330.829998 0.000152 -0.607002 0.024349 
678 7.728496 0.000000 -6.326311 330.175032 -0.001832 -1.561963 0.028190 
679 8.416085 0.000000 -5.650309 328.714194 0.003626 -0.178672 0.036792 
680 9.103675 0.000000 -5.650309 326.429404 0.004274 -1.561237 0.050114 
681 9.103675 0.000000 -6.326311 328.029301 0.002785 -2.550935 0.040744 
682 10.822649 0.000000 -4.636304 322.907868 0.008591 -12.456368 0.069136 
683 10.822649 0.000000 -4.974306 323.999962 0.007293 -10.375591 0.063262 
684 11.166444 0.000000 -4.636304 324.974512 0.008644 -13.118918 0.057049 
685 9.447470 0.000000 -4.636304 319.151598 0.007845 -0.719432 0.092013 
686 9.103675 0.000000 -4.636304 321.077733 0.007614 2.549451 0.080967 
687 9.447470 0.000000 -4.974306 322.072258 0.006551 -1.672675 0.075299 
688 10.822649 0.000000 -3.284299 328.929158 -0.010543 -25.330106 0.029812 
689 11.166444 0.000000 -3.284299 329.987035 -0.010496 -21.677757 0.025129 
690 10.822649 0.000000 -2.946297 333.256829 -0.008486 -25.282412 0.004288 
691 10.306957 0.000000 -4.129302 287.311354 -0.053252 -35.201176 0.253105 
692 10.306957 0.000000 -4.298303 267.159461 -0.067700 -21.830976 0.359507 
693 10.478854 0.000000 -4.129302 275.508131 -0.054081 -34.655150 0.312663 
694 9.619367 0.000000 -4.129302 308.624971 -0.060643 -29.416784 0.143212 
695 9.447470 0.000000 -4.129302 315.637327 -0.063665 -28.214786 0.104808 
696 9.619367 0.000000 -4.298303 302.012375 -0.062978 -29.008303 0.179420 
697 10.306957 0.000000 -3.453299 287.592507 -0.051226 -36.813356 0.250629 
698 10.478854 0.000000 -3.453299 275.609298 -0.053183 -35.499941 0.311638 
699 10.306957 0.000000 -3.284299 288.388817 -0.050929 -37.118014 0.246340 
700 9.705316 0.000000 -3.875801 308.401902 -0.066480 -25.676640 0.146276 
701 9.619367 0.000000 -3.875801 313.101049 -0.064079 -26.084970 0.120054 
702 9.705316 0.000000 -3.960301 307.852035 -0.059018 -30.529849 0.146865 
703 10.049111 0.000000 -3.537800 301.644877 -0.043758 -40.203542 0.174490 
704 10.135059 0.000000 -3.537800 295.931706 -0.050012 -37.081933 0.207075 
705 10.049111 0.000000 -3.453299 302.522081 -0.042873 -40.732744 0.169384 
706 2.915369 0.000000 -7.678317 332.173415 -0.009148 0.082737 0.016413 
707 1.540190 0.000000 -7.678317 332.790706 -0.008268 0.319521 0.012753 
708 2.915369 0.000000 -9.030323 332.431909 -0.011846 -0.244691 0.014881 
709 4.978138 0.000000 -5.650309 329.404214 -0.005459 -0.250551 0.032743 
710 4.290548 0.000000 -5.650309 330.267430 -0.005168 0.561876 0.027665 
711 4.978138 0.000000 -6.326311 330.253906 -0.007591 -0.517148 0.027745 
712 7.384701 0.000000 -4.636304 338.385603 0.003615 2.334556 -0.020769 
713 7.384701 0.000000 -4.974306 334.569071 0.002045 -0.065464 0.002174 
714 7.728496 0.000000 -4.636304 335.149808 0.004365 6.014035 -0.001615 
715 8.072291 0.000000 -4.636304 331.108539 0.006303 7.259424 0.022239 
716 8.072291 0.000000 -4.974306 330.674936 0.005014 3.428335 0.025162 
717 8.416085 0.000000 -4.636304 327.244750 0.006869 6.792938 0.044973 
718 6.009522 0.000000 -4.636304 324.576354 -0.000056 -4.955209 0.060670 
719 5.665727 0.000000 -4.636304 324.755000 -0.001534 -1.764979 0.059827 
720 6.009522 0.000000 -4.974306 327.207861 -0.000499 -3.790984 0.045471 
721 6.869009 0.000000 -4.129302 275.811014 0.036532 5.352988 0.321625 
722 6.869009 0.000000 -4.298303 263.379699 0.048978 -43.456548 0.364797 
723 7.040906 0.000000 -4.129302 285.791887 0.037010 7.922015 0.271354 
724 6.181419 0.000000 -4.129302 180.682838 0.029955 -54.939730 0.682077 
725 6.009522 0.000000 -4.129302 143.021508 0.025927 -111.190651 0.707449 
726 6.181419 0.000000 -4.298303 205.749015 0.038616 -113.647404 0.507504 
727 6.439265 0.000000 -3.875801 250.622977 0.029465 9.928619 0.439203 
728 6.353317 0.000000 -3.875801 239.335667 0.031871 1.854788 0.489349 
729 6.439265 0.000000 -3.960301 242.136791 0.033013 -1.247572 0.477344 
730 6.181419 0.000000 -3.453299 209.987492 0.018608 25.257600 0.601243 
731 6.009522 0.000000 -3.453299 157.442078 0.013563 24.971265 0.773476 
732 6.181419 0.000000 -3.284299 190.989780 0.010320 53.333852 0.649479 
733 9.705316 0.000000 -3.537800 318.861950 -0.035608 -44.239325 0.076219 
734 9.619367 0.000000 -3.537800 325.465495 -0.024954 -50.286144 0.033195 
735 9.705316 0.000000 -3.453299 314.283234 -0.041634 -40.111258 0.105165 
736 37.294847 0.000000 -19.846368 334.727647 0.000395 -2.566738 0.001169 
737 37.294847 0.000000 -25.254391 334.732086 0.000186 -1.894456 0.001169 
738 42.795563 0.000000 -19.846368 334.793109 0.000394 -2.545216 0.000780 
739 23.543056 0.000000 -11.734334 334.159540 -0.008685 -4.825492 0.004408 
740 23.543056 0.000000 -14.438346 334.315700 -0.020864 -3.628234 0.003567 
741 26.293414 0.000000 -11.734334 334.302560 -0.014474 -4.943860 0.003545 
742 29.043772 0.000000 -11.734334 334.552930 -0.010213 -4.641415 0.002078 
743 29.043772 0.000000 -14.438346 334.529090 -0.018015 -3.745924 0.002287 
744 31.794130 0.000000 -11.734334 334.645373 -0.010765 -4.600743 0.001530 
745 16.667160 0.000000 -7.678317 332.979782 0.002244 -7.299422 0.011156 
746 16.667160 0.000000 -9.030323 332.915029 0.000370 -6.290716 0.011663 
747 18.042339 0.000000 -7.678317 333.462442 0.002460 -7.153478 0.008308 
748 19.417518 0.000000 -7.678317 333.782057 0.002715 -7.066093 0.006418 
749 19.417518 0.000000 -9.030323 333.725016 0.000830 -6.146768 0.006866 
750 20.792698 0.000000 -7.678317 334.017264 0.003004 -6.976946 0.005029 
751 13.229212 0.000000 -5.650309 330.728480 0.007046 -9.973176 0.024064 
752 13.229212 0.000000 -6.326311 330.764288 0.004156 -8.738236 0.024059 
753 13.916802 0.000000 -5.650309 331.521599 0.007257 -9.877647 0.019399 
754 14.604391 0.000000 -5.650309 332.124791 0.007369 -9.735244 0.015856 
755 14.604391 0.000000 -6.326311 332.007298 0.004460 -8.800413 0.016706 
756 15.291981 0.000000 -5.650309 332.575035 0.006212 -9.611728 0.013209 
757 11.510238 0.000000 -3.960301 327.643984 0.001152 -16.891482 0.040510 
758 11.510238 0.000000 -4.298303 326.895183 0.011112 -15.071944 0.045398 
759 11.510238 0.000000 -3.622300 328.994590 -0.018153 -18.377383 0.032137 
760 10.006136 0.000000 -3.664550 302.093398 -0.050548 -36.126969 0.174850 
761 10.049111 0.000000 -3.664550 301.408448 -0.050576 -36.081756 0.178564 
762 10.006136 0.000000 -3.622300 302.403315 -0.050092 -36.431620 0.172983 
763 13.573007 0.000000 -3.960301 332.236207 0.000075 -12.900835 0.014557 
764 13.573007 0.000000 -4.298303 331.873186 0.012741 -12.447391 0.016809 
765 13.573007 0.000000 -3.622300 332.669831 -0.014628 -13.128124 0.011934 
766 15.979571 0.000000 -5.650309 332.931201 0.006323 -9.512145 0.011113 
767 15.979571 0.000000 -6.326311 332.802796 0.004689 -8.703327 0.012007 
768 16.667160 0.000000 -5.650309 333.222581 0.006440 -9.349626 0.009410 
769 17.354750 0.000000 -5.650309 333.477568 0.006551 -9.161679 0.007926 
770 17.354750 0.000000 -6.326311 333.355150 0.004915 -8.491305 0.008759 
771 18.042339 0.000000 -5.650309 333.686085 0.006667 -8.988724 0.006714 
772 15.979571 0.000000 -2.946297 334.183599 -0.008187 -10.824084 0.003428 
773 16.667160 0.000000 -2.946297 334.274121 -0.008125 -10.497025 0.002950 
774 15.979571 0.000000 -2.270294 334.656018 -0.006188 -10.609165 0.000652 
775 17.354750 0.000000 -2.946297 334.348460 -0.008059 -10.180666 0.002566 
776 17.354750 0.000000 -2.270294 334.670333 -0.006110 -9.911066 0.000694 
777 22.167877 0.000000 -7.678317 334.184308 0.003248 -6.910158 0.004042 
778 22.167877 0.000000 -9.030323 334.127367 -0.005804 -6.090236 0.004476 
779 23.543056 0.000000 -7.678317 334.314108 -0.001490 -6.875092 0.003273 
780 24.918235 0.000000 -7.678317 334.395694 -0.000672 -6.884623 0.002785 
781 24.918235 0.000000 -9.030323 334.338930 -0.003649 -6.089662 0.003216 
782 26.293414 0.000000 -7.678317 334.494342 0.000124 -6.777489 0.002210 
783 18.729929 0.000000 -5.650309 333.858845 0.006834 -8.815172 0.005713 
784 18.729929 0.000000 -6.326311 333.762456 0.005172 -8.211592 0.006379 
785 19.417518 0.000000 -5.650309 333.989418 0.007029 -8.714200 0.004952 
786 20.105108 0.000000 -5.650309 334.099290 0.007252 -8.621460 0.004312 
787 20.105108 0.000000 -6.326311 334.021669 0.005515 -8.054198 0.004858 
788 20.792698 0.000000 -5.650309 334.192461 0.007479 -8.540085 0.003769 
789 20.105108 0.000000 -2.946297 334.555166 -0.007458 -9.212680 0.001500 
790 20.105108 0.000000 -2.270294 334.696391 -0.005810 -8.748550 0.000732 
791 21.480287 0.000000 -5.650309 334.272129 0.007718 -8.466591 0.003305 
792 21.480287 0.000000 -6.326311 334.209731 0.005853 -7.919739 0.003757 
793 22.167877 0.000000 -5.650309 334.341017 0.007921 -8.374417 0.002909 
794 22.855466 0.000000 -5.650309 334.393454 0.008085 -8.358651 0.002599 
795 22.855466 0.000000 -6.326311 334.341761 0.006139 -7.826917 0.002983 
796 23.543056 0.000000 -5.650309 334.433377 0.005710 -8.435056 0.002349 
797 22.855466 0.000000 -2.946297 334.668879 -0.006813 -8.789443 0.000890 
798 23.543056 0.000000 -2.946297 334.694891 -0.006685 -8.695203 0.000749 
799 22.855466 0.000000 -2.270294 334.751629 -0.005492 -8.321802 0.000468 
800 11.510238 0.000000 -3.284299 330.830402 -0.010399 -19.254653 0.021045 
801 11.510238 0.000000 -2.946297 332.870407 -0.008557 -19.450699 0.008908 
802 12.885418 0.000000 -3.284299 332.685751 -0.010496 -14.417727 0.011523 
803 13.229212 0.000000 -3.284299 332.945597 -0.010432 -13.724602 0.010155 
804 12.885418 0.000000 -2.946297 333.440303 -0.009119 -14.393740 0.007049 
805 13.573007 0.000000 -3.284299 333.159434 -0.010375 -13.163488 0.009020 
806 13.916802 0.000000 -3.284299 333.345991 -0.010227 -12.666908 0.008026 
807 13.573007 0.000000 -2.946297 333.707717 -0.009068 -13.212743 0.005749 
808 27.668593 0.000000 -7.678317 334.526491 0.000821 -6.901375 0.002003 
809 27.668593 0.000000 -9.030323 334.473232 -0.001872 -6.127800 0.002411 
810 29.043772 0.000000 -7.678317 334.635163 -0.002099 -6.600477 0.001391 
811 24.230645 0.000000 -5.650309 334.489013 0.005989 -8.293878 0.002038 
812 24.230645 0.000000 -6.326311 334.423317 0.003186 -7.900695 0.002487 
813 24.918235 0.000000 -5.650309 334.515627 0.006242 -8.321100 0.001876 
814 25.605824 0.000000 -5.650309 334.549224 0.006470 -8.285233 0.001681 
815 25.605824 0.000000 -6.326311 334.510231 0.003791 -7.768859 0.001987 
816 26.293414 0.000000 -5.650309 334.588889 0.006681 -8.205104 0.001456 
817 24.230645 0.000000 -2.946297 334.713175 -0.005308 -8.679842 0.000643 
818 24.230645 0.000000 -2.270294 334.779160 -0.003322 -8.208983 0.000320 
819 26.981004 0.000000 -5.650309 334.622897 0.006883 -8.108776 0.001267 
820 26.981004 0.000000 -6.326311 334.582220 0.004324 -7.672463 0.001571 
821 27.668593 0.000000 -5.650309 334.647375 0.007080 -8.101763 0.001122 
822 26.981004 0.000000 -2.946297 334.774002 -0.005634 -8.483036 0.000310 
823 27.668593 0.000000 -2.946297 334.786903 -0.005686 -8.410939 0.000244 
824 26.981004 0.000000 -2.270294 334.819188 -0.003957 -8.010942 0.000110 
825 8.759880 0.000000 -4.636304 323.839764 0.007300 5.119562 0.064913 
826 8.759880 0.000000 -4.974306 325.559660 0.005949 2.367410 0.055140 
827 11.510238 0.000000 -4.636304 326.670084 0.008750 -13.265959 0.047165 
828 11.510238 0.000000 -4.974306 326.803067 0.007445 -11.669033 0.046746 
829 11.854033 0.000000 -4.636304 328.013693 0.008850 -13.157715 0.039350 
830 12.197828 0.000000 -4.636304 329.069116 0.009471 -12.929494 0.033221 
831 12.197828 0.000000 -4.974306 328.905903 0.007620 -11.821916 0.034422 
832 12.541623 0.000000 -4.636304 329.908509 0.009552 -12.664154 0.028350 
833 12.885418 0.000000 -4.636304 330.579980 0.009631 -12.392150 0.024458 
834 12.885418 0.000000 -4.974306 330.358092 0.008533 -11.570310 0.025940 
835 13.229212 0.000000 -4.636304 331.131242 0.009705 -12.117514 0.021266 
836 13.573007 0.000000 -4.636304 331.562749 0.009773 -11.994387 0.018743 
837 13.573007 0.000000 -4.974306 331.388833 0.008658 -11.194772 0.019936 
838 13.916802 0.000000 -4.636304 331.976019 0.009936 -11.595606 0.016383 
839 14.260597 0.000000 -4.636304 332.286991 0.010002 -11.382216 0.014585 
840 14.260597 0.000000 -4.974306 332.097372 0.008867 -10.861413 0.015811 
841 14.604391 0.000000 -4.636304 332.548662 0.010061 -11.198022 0.013071 
842 14.260597 0.000000 -3.284299 333.493736 -0.010174 -12.270013 0.007236 
843 14.604391 0.000000 -3.284299 333.619333 -0.010123 -11.939311 0.006560 
844 14.260597 0.000000 -2.946297 333.877885 -0.008923 -12.141184 0.004979 
1 19 21 3 22 
2 20 19 22 9 
3 28 20 9 30 
4 29 28 30 4 
5 35 37 19 38 
6 36 35 38 20 
7 44 36 20 46 
8 45 44 46 28 
9 51 53 35 54 
10 52 51 54 36 
11 60 52 36 62 
12 61 60 62 44 
13 67 69 51 70 
14 68 67 70 52 
15 76 68 52 78 
16 77 76 78 60 
17 83 85 67 86 
18 84 83 86 68 
19 92 84 68 94 
20 93 92 94 76 
21 99 101 83 102 
22 100 99 102 84 
23 108 100 84 110 
24 109 108 110 92 
25 115 117 99 118 
26 116 115 118 100 
27 124 116 100 126 
28 125 124 126 108 
29 131 133 115 134 
30 132 131 134 116 
31 140 132 116 142 
32 141 140 142 124 
33 127 145 143 144 
34 144 143 146 130 
35 147 149 131 150 
36 148 147 150 132 
37 130 146 156 157 
38 156 148 132 158 
39 157 156 158 140 
40 143 161 159 160 
41 160 159 162 146 
42 163 165 147 166 
43 164 163 166 148 
44 152 169 167 168 
45 168 167 171 5 
46 16 174 172 173 
47 174 15 32 172 
48 172 32 18 175 
49 173 172 175 6 
50 32 178 176 177 
51 178 31 48 176 
52 176 48 34 179 
53 177 176 179 18 
54 48 182 180 181 
55 182 47 64 180 
56 180 64 50 183 
57 181 180 183 34 
58 64 186 184 185 
59 186 63 80 184 
60 184 80 66 187 
61 185 184 187 50 
62 80 190 188 189 
63 189 188 191 66 
64 128 202 200 201 
65 202 127 144 200 
66 200 144 130 203 
67 201 200 203 114 
68 6 175 204 205 
69 175 18 45 204 
70 204 45 28 206 
71 205 204 206 29 
72 18 179 207 208 
73 179 34 61 207 
74 207 61 44 209 
75 208 207 209 45 
76 34 183 210 211 
77 183 50 77 210 
78 210 77 60 212 
79 211 210 212 61 
80 50 187 213 214 
81 187 66 93 213 
82 213 93 76 215 
83 214 213 215 77 
84 66 191 216 217 
85 216 109 92 218 
86 217 216 218 93 
87 219 125 108 221 
88 220 219 221 109 
89 222 141 124 224 
90 223 222 224 125 
91 196 227 225 226 
92 227 128 201 225 
93 225 201 114 228 
94 226 225 228 199 
95 197 235 233 234 
96 235 196 226 233 
97 233 226 199 236 
98 234 233 236 98 
99 237 223 125 239 
100 238 237 239 219 
101 244 246 223 247 
102 245 244 247 237 
103 240 250 248 249 
104 250 234 251 248 
105 248 251 98 252 
106 249 248 252 243 
107 188 255 253 254 
108 255 96 193 253 
109 253 193 82 256 
110 254 253 256 191 
111 193 259 257 258 
112 259 192 230 257 
113 257 230 195 260 
114 258 257 260 82 
115 230 263 261 262 
116 262 261 264 195 
117 191 256 269 270 
118 256 82 220 269 
119 269 220 109 271 
120 270 269 271 216 
121 82 260 272 273 
122 260 195 238 272 
123 272 238 219 274 
124 273 272 274 220 
125 195 264 275 276 
126 275 245 237 277 
127 276 275 277 238 
128 232 268 278 279 
129 268 243 280 278 
130 278 280 244 281 
131 279 278 281 245 
132 284 249 285 282 
133 282 285 243 286 
134 283 282 286 268 
135 261 289 287 288 
136 289 241 266 287 
137 287 266 232 290 
138 288 287 290 264 
139 266 293 291 292 
140 293 265 283 291 
141 291 283 268 294 
142 292 291 294 232 
143 17 297 295 296 
144 297 7 298 295 
145 295 298 11 33 
146 296 295 33 15 
147 33 301 299 300 
148 301 11 302 299 
149 299 302 24 49 
150 300 299 49 31 
151 49 305 303 304 
152 305 24 306 303 
153 303 306 40 65 
154 304 303 65 47 
155 65 309 307 308 
156 309 40 310 307 
157 307 310 56 81 
158 308 307 81 63 
159 81 313 311 312 
160 313 56 314 311 
161 311 314 72 97 
162 312 311 97 79 
163 79 317 315 316 
164 317 97 318 315 
165 315 318 95 194 
166 316 315 194 96 
167 194 321 319 320 
168 321 95 322 319 
169 319 322 112 231 
170 320 319 231 192 
171 231 325 323 324 
172 325 112 326 323 
173 323 326 197 242 
174 324 323 242 229 
175 229 329 327 328 
176 329 242 330 327 
177 327 330 240 267 
178 328 327 267 241 
179 267 333 331 332 
180 333 240 334 331 
181 331 334 249 284 
182 332 331 284 265 
183 265 337 335 336 
184 337 284 338 335 
185 335 338 282 339 
186 336 335 339 283 
187 98 236 340 246 
188 236 199 341 340 
189 340 341 222 342 
190 246 340 342 223 
191 243 252 343 280 
192 252 98 344 343 
193 343 344 246 345 
194 280 343 345 244 
195 199 228 346 341 
196 228 114 347 346 
197 346 347 141 348 
198 341 346 348 222 
199 114 203 349 347 
200 203 130 157 349 
201 349 157 140 350 
202 347 349 350 141 
203 146 162 351 352 
204 351 164 148 353 
205 352 351 353 156 
206 159 356 354 355 
207 356 152 168 354 
208 354 168 5 357 
209 355 354 357 162 
210 7 359 358 298 
211 359 12 360 358 
212 358 360 10 25 
213 298 358 25 11 
214 11 362 361 302 
215 362 25 363 361 
216 361 363 23 41 
217 302 361 41 24 
218 24 365 364 306 
219 365 41 366 364 
220 364 366 39 57 
221 306 364 57 40 
222 40 368 367 310 
223 368 57 369 367 
224 367 369 55 73 
225 310 367 73 56 
226 56 371 370 314 
227 371 73 372 370 
228 370 372 71 89 
229 314 370 89 72 
230 72 375 373 374 
231 375 89 376 373 
232 373 376 87 105 
233 374 373 105 88 
234 88 379 377 378 
235 379 105 380 377 
236 377 380 103 121 
237 378 377 121 104 
238 104 383 381 382 
239 383 121 384 381 
240 381 384 119 137 
241 382 381 137 120 
242 120 387 385 386 
243 387 137 388 385 
244 385 388 135 153 
245 386 385 153 136 
246 136 391 389 390 
247 391 153 392 389 
248 389 392 151 169 
249 390 389 169 152 
250 10 394 393 26 
251 394 13 395 393 
252 393 395 8 396 
253 26 393 396 14 
254 23 398 397 42 
255 398 26 399 397 
256 397 399 14 400 
257 42 397 400 27 
258 402 42 403 401 
259 401 403 27 404 
260 119 422 421 138 
261 422 122 423 421 
262 421 423 107 424 
263 138 421 424 123 
264 135 426 425 154 
265 426 138 427 425 
266 425 427 123 428 
267 154 425 428 139 
268 430 154 431 429 
269 429 431 139 432 
270 169 435 433 434 
271 435 151 436 433 
272 434 433 437 167 
273 153 439 438 392 
274 439 135 440 438 
275 438 440 154 430 
276 392 438 430 151 
277 151 442 441 436 
278 442 430 443 441 
279 441 443 429 444 
280 436 441 444 170 
281 5 171 445 446 
282 171 155 447 445 
283 445 447 163 448 
284 446 445 448 164 
285 167 437 449 450 
286 437 170 451 449 
287 449 451 155 452 
288 450 449 452 171 
289 433 455 453 454 
290 455 436 456 453 
291 453 456 170 457 
292 454 453 457 437 
293 14 396 458 37 
294 396 8 459 458 
295 458 459 21 460 
296 37 458 460 19 
297 27 400 461 53 
298 400 14 462 461 
299 461 462 37 463 
300 53 461 463 35 
301 404 27 465 464 
302 464 465 53 466 
303 69 464 466 51 
304 467 468 69 469 
305 85 467 469 67 
306 470 471 85 472 
307 101 470 472 83 
308 473 474 101 475 
309 117 473 475 99 
310 485 415 486 484 
311 484 486 75 487 
312 488 489 470 490 
313 474 488 490 101 
314 487 75 493 491 
315 491 493 474 494 
316 492 491 494 473 
317 478 497 495 496 
318 497 484 498 495 
319 495 498 487 499 
320 496 495 499 416 
321 415 501 500 486 
322 501 480 502 500 
323 500 502 483 503 
324 486 500 503 75 
325 480 513 512 502 
326 513 482 514 512 
327 512 514 412 515 
328 502 512 515 483 
329 516 517 467 518 
330 471 516 518 85 
331 519 520 471 521 
332 489 519 521 470 
333 482 523 522 514 
334 523 508 524 522 
335 522 524 511 525 
336 412 525 526 527 
337 525 511 528 526 
338 526 528 519 529 
339 527 526 529 489 
340 514 532 530 531 
341 532 522 533 530 
342 530 533 525 534 
343 531 530 534 412 
344 508 540 539 524 
345 540 510 541 539 
346 539 541 59 542 
347 524 539 542 511 
348 543 544 516 545 
349 520 543 545 471 
350 510 547 546 541 
351 547 535 548 546 
352 59 549 550 551 
353 549 538 552 550 
354 550 552 543 553 
355 551 550 553 520 
356 541 556 554 555 
357 556 546 557 554 
358 554 557 549 558 
359 555 554 558 59 
360 559 560 117 561 
361 133 559 561 115 
362 417 564 562 563 
363 564 419 565 562 
364 563 562 566 420 
365 567 492 473 568 
366 560 567 568 117 
367 419 570 569 565 
368 570 476 571 569 
369 569 571 479 572 
370 565 569 572 91 
371 420 566 573 574 
372 566 91 575 573 
373 573 575 560 576 
374 574 573 576 559 
375 562 579 577 578 
376 579 565 580 577 
377 577 580 91 581 
378 578 577 581 566 
379 58 583 582 407 
380 583 401 584 582 
381 582 584 404 585 
382 407 582 585 43 
383 587 407 588 586 
384 586 588 43 589 
385 535 595 594 548 
386 595 537 596 594 
387 594 596 507 597 
388 548 594 597 538 
389 546 599 598 557 
390 599 548 600 598 
391 598 600 538 601 
392 557 598 601 549 
393 43 585 602 468 
394 585 404 603 602 
395 602 603 464 604 
396 468 602 604 69 
397 589 43 606 605 
398 605 606 468 607 
399 517 605 607 467 
400 608 609 517 610 
401 544 608 610 516 
402 537 612 611 596 
403 612 590 613 611 
404 611 613 593 614 
405 596 611 614 507 
406 616 586 617 615 
407 615 617 589 618 
408 590 620 619 613 
409 620 592 621 619 
410 619 621 408 622 
411 618 589 624 623 
412 623 624 605 625 
413 609 623 625 517 
414 593 622 626 627 
415 622 408 628 626 
416 626 628 609 629 
417 627 626 629 608 
418 613 632 630 631 
419 632 619 633 630 
420 630 633 622 634 
421 631 630 634 593 
422 592 636 635 621 
423 636 615 637 635 
424 635 637 618 638 
425 621 635 638 408 
426 12 640 639 360 
427 640 2 641 639 
428 639 641 13 394 
429 360 639 394 10 
430 1 644 642 643 
431 644 17 296 642 
432 642 296 15 174 
433 643 642 174 16 
434 25 646 645 363 
435 646 10 647 645 
436 645 647 26 398 
437 363 645 398 23 
438 15 650 648 649 
439 650 33 300 648 
440 648 300 31 178 
441 649 648 178 32 
442 41 652 651 366 
443 652 23 653 651 
444 651 653 42 402 
445 366 651 402 39 
446 31 656 654 655 
447 656 49 304 654 
448 654 304 47 182 
449 655 654 182 48 
450 57 658 657 369 
451 658 39 659 657 
452 657 659 58 406 
453 369 657 406 55 
454 47 662 660 661 
455 662 65 308 660 
456 660 308 63 186 
457 661 660 186 64 
458 73 664 663 372 
459 664 55 665 663 
460 663 665 74 410 
461 372 663 410 71 
462 63 668 666 667 
463 668 81 312 666 
464 666 312 79 190 
465 667 666 190 80 
466 89 670 669 376 
467 670 71 671 669 
468 669 671 90 414 
469 376 669 414 87 
470 97 673 672 318 
471 673 72 374 672 
472 672 374 88 113 
473 318 672 113 95 
474 105 675 674 380 
475 675 87 676 674 
476 674 676 106 418 
477 380 674 418 103 
478 95 678 677 322 
479 678 113 679 677 
480 677 679 111 198 
481 322 677 198 112 
482 113 681 680 679 
483 681 88 378 680 
484 680 378 104 129 
485 679 680 129 111 
486 121 683 682 384 
487 683 103 684 682 
488 682 684 122 422 
489 384 682 422 119 
490 129 687 685 686 
491 687 104 382 685 
492 685 382 120 145 
493 686 685 145 127 
494 123 424 688 149 
495 424 107 689 688 
496 688 689 133 690 
497 149 688 690 131 
498 137 692 691 388 
499 692 119 693 691 
500 691 693 138 426 
501 388 691 426 135 
502 145 696 694 695 
503 696 120 386 694 
504 694 386 136 161 
505 695 694 161 143 
506 139 428 697 165 
507 428 123 698 697 
508 697 698 149 699 
509 165 697 699 147 
510 161 702 700 701 
511 702 136 390 700 
512 700 390 152 356 
513 701 700 356 159 
514 155 432 703 447 
515 432 139 704 703 
516 703 704 165 705 
517 447 703 705 163 
518 190 708 706 707 
519 708 79 316 706 
520 706 316 96 255 
521 707 706 255 188 
522 96 711 709 710 
523 711 194 320 709 
524 709 320 192 259 
525 710 709 259 193 
526 112 713 712 326 
527 713 198 714 712 
528 712 714 196 235 
529 326 712 235 197 
530 198 716 715 714 
531 716 111 717 715 
532 715 717 128 227 
533 714 715 227 196 
534 192 720 718 719 
535 720 231 324 718 
536 718 324 229 263 
537 719 718 263 230 
538 242 722 721 330 
539 722 197 723 721 
540 721 723 234 250 
541 330 721 250 240 
542 263 726 724 725 
543 726 229 328 724 
544 724 328 241 289 
545 725 724 289 261 
546 241 729 727 728 
547 729 267 332 727 
548 727 332 265 293 
549 728 727 293 266 
550 264 290 730 731 
551 290 232 279 730 
552 730 279 245 732 
553 731 730 732 275 
554 162 357 733 734 
555 357 5 446 733 
556 733 446 164 735 
557 734 733 735 351 
558 39 737 736 659 
559 737 402 738 736 
560 736 738 401 583 
561 659 736 583 58 
562 55 740 739 665 
563 740 406 741 739 
564 739 741 405 505 
565 665 739 505 74 
566 406 743 742 741 
567 743 58 744 742 
568 742 744 407 587 
569 741 742 587 405 
570 71 746 745 671 
571 746 410 747 745 
572 745 747 409 481 
573 671 745 481 90 
574 410 749 748 747 
575 749 74 750 748 
576 748 750 411 509 
577 747 748 509 409 
578 87 752 751 676 
579 752 414 753 751 
580 751 753 413 477 
581 676 751 477 106 
582 414 755 754 753 
583 755 90 756 754 
584 754 756 415 485 
585 753 754 485 413 
586 122 758 757 423 
587 758 417 563 757 
588 757 563 420 759 
589 423 757 759 107 
590 170 444 760 451 
591 444 429 761 760 
592 760 761 432 762 
593 451 760 762 155 
594 476 764 763 571 
595 764 478 496 763 
596 763 496 416 765 
597 571 763 765 479 
598 90 767 766 756 
599 767 481 768 766 
600 766 768 480 501 
601 756 766 501 415 
602 481 770 769 768 
603 770 409 771 769 
604 769 771 482 513 
605 768 769 513 480 
606 75 503 772 493 
607 503 483 773 772 
608 772 773 488 774 
609 493 772 774 474 
610 483 515 775 773 
611 515 412 527 775 
612 775 527 489 776 
613 773 775 776 488 
614 74 778 777 750 
615 778 505 779 777 
616 777 779 504 536 
617 750 777 536 411 
618 505 781 780 779 
619 781 405 782 780 
620 780 782 506 591 
621 779 780 591 504 
622 409 784 783 771 
623 784 509 785 783 
624 783 785 508 523 
625 771 783 523 482 
626 509 787 786 785 
627 787 411 788 786 
628 786 788 510 540 
629 785 786 540 508 
630 511 542 789 528 
631 542 59 551 789 
632 789 551 520 790 
633 528 789 790 519 
634 411 792 791 788 
635 792 536 793 791 
636 791 793 535 547 
637 788 791 547 510 
638 536 795 794 793 
639 795 504 796 794 
640 794 796 537 595 
641 793 794 595 535 
642 538 597 797 552 
643 597 507 798 797 
644 797 798 544 799 
645 552 797 799 543 
646 107 759 800 689 
647 759 420 574 800 
648 800 574 559 801 
649 689 800 801 133 
650 91 572 802 575 
651 572 479 803 802 
652 802 803 567 804 
653 575 802 804 560 
654 479 765 805 803 
655 765 416 806 805 
656 805 806 492 807 
657 803 805 807 567 
658 405 809 808 782 
659 809 587 810 808 
660 808 810 586 616 
661 782 808 616 506 
662 504 812 811 796 
663 812 591 813 811 
664 811 813 590 612 
665 796 811 612 537 
666 591 815 814 813 
667 815 506 816 814 
668 814 816 592 620 
669 813 814 620 590 
670 507 614 817 798 
671 614 593 627 817 
672 817 627 608 818 
673 798 817 818 544 
674 506 820 819 816 
675 820 616 821 819 
676 819 821 615 636 
677 816 819 636 592 
678 408 638 822 628 
679 638 618 823 822 
680 822 823 623 824 
681 628 822 824 609 
682 111 826 825 717 
683 826 129 686 825 
684 825 686 127 202 
685 717 825 202 128 
686 103 828 827 684 
687 828 418 829 827 
688 827 829 417 758 
689 684 827 758 122 
690 418 831 830 829 
691 831 106 832 830 
692 830 832 419 564 
693 829 830 564 417 
694 106 834 833 832 
695 834 477 835 833 
696 833 835 476 570 
697 832 833 570 419 
698 477 837 836 835 
699 837 413 838 836 
700 836 838 478 764 
701 835 836 764 476 
702 413 840 839 838 
703 840 485 841 839 
704 839 841 484 497 
705 838 839 497 478 
706 416 499 842 806 
707 499 487 843 842 
708 842 843 491 844 
709 806 842 844 492 
