2 0.000000 334.933353 1124.923126
804 676 
1 -177.172104 0.000000 -187.683212 334.926619 -0.000001 -1.268413 0.000026 
2 195.094009 0.000000 -187.683212 334.926524 -0.000005 -1.295281 0.000026 
3 195.094009 0.000000 180.532015 334.935093 -0.000009 -1.295030 -0.000025 
4 -177.172104 0.000000 180.532015 334.935137 -0.000001 -1.268139 -0.000025 
5 8.960953 0.000000 -3.575599 363.256488 -0.003749 -7.331982 -0.176757 
6 -177.172104 0.000000 -3.575599 334.930446 -0.000001 -1.263570 0.000003 
7 8.960953 0.000000 -187.683212 334.917968 -0.000003 -1.281744 0.000077 
8 195.094009 0.000000 -3.575599 334.889776 -0.009155 -12.109491 -0.001047 
9 8.960953 0.000000 180.532015 334.944357 -0.000004 -1.281600 -0.000080 
10 102.027481 0.000000 -95.629405 334.913042 -0.000010 -1.371846 0.000105 
11 8.960953 0.000000 -95.629405 334.880458 -0.000006 -1.318631 0.000300 
12 102.027481 0.000000 -187.683212 334.921802 -0.000004 -1.292101 0.000054 
13 195.094009 0.000000 -95.629405 334.926204 -0.000013 -1.373401 0.000026 
14 102.027481 0.000000 -3.575599 334.884142 -0.008216 -12.790664 -0.001165 
15 -84.105575 0.000000 -95.629405 334.913514 -0.000003 -1.266659 0.000104 
16 -177.172104 0.000000 -95.629405 334.926583 -0.000001 -1.265884 0.000026 
17 -84.105575 0.000000 -187.683212 334.921892 -0.000002 -1.271477 0.000054 
18 -84.105575 0.000000 -3.575599 334.927070 -0.000005 -1.246935 0.000024 
19 102.027481 0.000000 88.478208 334.947294 -0.000040 -1.371445 -0.000100 
20 8.960953 0.000000 88.478208 334.985196 -0.000018 -1.317901 -0.000325 
21 195.094009 0.000000 88.478208 334.934463 -0.000044 -1.369869 -0.000023 
22 102.027481 0.000000 180.532015 334.940062 -0.000007 -1.292235 -0.000055 
23 55.494217 0.000000 -49.602502 334.858214 0.000024 -1.655831 0.000424 
24 8.960953 0.000000 -49.602502 334.742647 0.000007 -1.454936 0.001120 
25 55.494217 0.000000 -95.629405 334.894702 -0.000008 -1.358782 0.000214 
26 102.027481 0.000000 -49.602502 334.911070 0.000017 -1.664743 0.000108 
27 55.494217 0.000000 -3.575599 334.859662 -0.007257 -13.217898 -0.001117 
28 -84.105575 0.000000 88.478208 334.947380 -0.000004 -1.264525 -0.000098 
29 -177.172104 0.000000 88.478208 334.934756 -0.000001 -1.265486 -0.000023 
30 -84.105575 0.000000 180.532015 334.940067 -0.000002 -1.270975 -0.000054 
31 -37.572311 0.000000 -49.602502 334.860932 -0.000006 -1.262800 0.000418 
32 -84.105575 0.000000 -49.602502 334.912628 -0.000004 -1.256863 0.000110 
33 -37.572311 0.000000 -95.629405 334.895261 -0.000004 -1.279102 0.000213 
34 -37.572311 0.000000 -3.575599 334.902207 -0.000013 -1.181869 0.000174 
35 55.494217 0.000000 42.451305 334.994280 -0.000182 -1.659095 -0.000388 
36 8.960953 0.000000 42.451305 335.149342 -0.000071 -1.451483 -0.001309 
37 102.027481 0.000000 42.451305 334.944092 -0.000211 -1.650007 -0.000088 
38 55.494217 0.000000 88.478208 334.967482 -0.000032 -1.360718 -0.000220 
39 32.227585 0.000000 -26.589050 334.640099 0.000383 -2.543406 0.001693 
40 8.960953 0.000000 -26.589050 334.300296 0.000368 -1.876383 0.003745 
41 32.227585 0.000000 -49.602502 334.790119 0.000020 -1.602105 0.000832 
42 55.494217 0.000000 -26.589050 334.845849 0.000459 -2.595174 0.000462 
43 32.227585 0.000000 -3.575599 334.697135 -0.006635 -13.761987 -0.000278 
44 -37.572311 0.000000 42.451305 334.993866 -0.000014 -1.246381 -0.000375 
45 -84.105575 0.000000 42.451305 334.945015 -0.000005 -1.253735 -0.000084 
46 -37.572311 0.000000 88.478208 334.967369 -0.000008 -1.275269 -0.000218 
47 -14.305679 0.000000 -26.589050 334.658805 0.000007 -1.265985 0.001624 
48 -37.572311 0.000000 -26.589050 334.852253 -0.000008 -1.226214 0.000471 
49 -14.305679 0.000000 -49.602502 334.794205 -0.000004 -1.312618 0.000815 
50 -14.305679 0.000000 -3.575599 334.748086 -0.000021 -0.938301 0.001098 
51 32.227585 0.000000 19.437853 335.167174 -0.000642 -2.593198 -0.001457 
52 8.960953 0.000000 19.437853 335.772353 0.000341 -1.866020 -0.005047 
53 55.494217 0.000000 19.437853 334.977061 -0.000864 -2.541622 -0.000319 
54 32.227585 0.000000 42.451305 335.076180 -0.000133 -1.620168 -0.000876 
55 20.594269 0.000000 -15.082325 333.816613 -0.027975 -4.557408 0.006472 
56 8.960953 0.000000 -15.082325 333.213185 -0.041688 -2.749729 0.010178 
57 20.594269 0.000000 -26.589050 334.418823 -0.003575 -2.335738 0.003021 
58 32.227585 0.000000 -15.082325 334.550989 -0.019212 -4.750406 0.002081 
59 20.594269 0.000000 -3.575599 333.917654 -0.013515 -15.260352 0.003980 
60 -14.305679 0.000000 19.437853 335.159865 -0.000050 -1.149585 -0.001365 
61 -37.572311 0.000000 19.437853 334.978258 -0.000016 -1.202281 -0.000281 
62 -14.305679 0.000000 42.451305 335.074858 -0.000031 -1.284256 -0.000860 
63 -2.672363 0.000000 -15.082325 333.954973 0.000843 -1.321136 0.005818 
64 -14.305679 0.000000 -15.082325 334.599368 0.000008 -1.138412 0.001982 
65 -2.672363 0.000000 -26.589050 334.449641 0.000062 -1.447310 0.002868 
66 -2.672363 0.000000 -3.575599 333.950077 -0.000001 -0.134194 0.005863 
67 20.594269 0.000000 7.931127 335.801370 0.027217 -5.006681 -0.005413 
68 8.960953 0.000000 7.931127 338.126411 0.041303 -2.820370 -0.019229 
69 32.227585 0.000000 7.931127 335.092290 0.018433 -4.643177 -0.001141 
70 20.594269 0.000000 19.437853 335.485661 -0.000448 -2.469369 -0.003355 
71 14.777611 0.000000 -9.328962 331.566745 0.001433 -7.165479 0.019544 
72 8.960953 0.000000 -9.328962 331.728394 -0.007166 -3.402954 0.018943 
73 14.777611 0.000000 -15.082325 333.310163 -0.030686 -3.847560 0.009537 
74 20.594269 0.000000 -9.328962 333.556159 -0.004819 -8.013401 0.007634 
75 14.777611 0.000000 -3.575599 331.340746 -0.017577 -18.701695 0.018220 
76 -2.672363 0.000000 7.931127 335.742395 0.002071 -0.600809 -0.004840 
77 -14.305679 0.000000 7.931127 335.063009 -0.000051 -0.973941 -0.000783 
78 -2.672363 0.000000 19.437853 335.477968 -0.000120 -1.263482 -0.003269 
79 3.144295 0.000000 -9.328962 332.202547 -0.017456 -1.746917 0.016213 
80 -2.672363 0.000000 -9.328962 333.678225 -0.001093 -0.991897 0.007472 
81 3.144295 0.000000 -15.082325 333.473996 -0.021636 -1.851485 0.008665 
82 3.144295 0.000000 -3.575599 330.058215 0.001233 2.209068 0.028856 
83 14.777611 0.000000 2.177764 337.376811 0.008755 -9.573874 -0.015461 
84 8.960953 0.000000 2.177764 343.674039 0.013649 -4.365235 -0.053044 
85 20.594269 0.000000 2.177764 335.283459 0.006119 -8.201233 -0.002691 
86 14.777611 0.000000 7.931127 336.891036 0.029930 -4.670447 -0.011919 
87 11.869282 0.000000 -6.452280 326.897778 0.006047 -7.713303 0.046877 
88 8.960953 0.000000 -6.452280 331.000020 0.000312 -1.550103 0.023328 
89 11.869282 0.000000 -9.328962 330.833342 -0.007837 -5.301830 0.024082 
90 14.777611 0.000000 -6.452280 330.431444 0.006738 -11.442905 0.025535 
91 11.869282 0.000000 -3.575599 272.814773 0.023821 -35.112141 0.325544 
92 3.144295 0.000000 2.177764 337.365945 0.019125 1.620980 -0.014602 
93 -2.672363 0.000000 2.177764 335.187556 0.000283 -0.001814 -0.001519 
94 3.144295 0.000000 7.931127 336.885397 0.020312 -0.917891 -0.011698 
95 6.052624 0.000000 -6.452280 331.779768 -0.010077 -5.026830 0.018517 
96 3.144295 0.000000 -6.452280 330.883313 -0.008673 -1.427611 0.024020 
97 6.052624 0.000000 -9.328962 332.265172 -0.022107 -2.865750 0.015796 
98 6.052624 0.000000 -3.575599 186.624166 0.049505 -8.878054 0.688828 
99 11.869282 0.000000 -0.698917 341.671951 -0.005249 -17.937290 -0.043511 
100 8.960953 0.000000 -0.698917 356.441652 0.000614 -7.556528 -0.133066 
101 14.777611 0.000000 -0.698917 335.615810 -0.005406 -14.096500 -0.005851 
102 11.869282 0.000000 2.177764 340.868020 0.008482 -9.078865 -0.036487 
103 10.415117 0.000000 -5.013939 321.447679 0.010184 -1.746157 0.078879 
104 8.960953 0.000000 -5.013939 330.534172 0.006839 4.297402 0.025932 
105 10.415117 0.000000 -6.452280 327.445028 0.005382 -3.743281 0.044091 
106 11.869282 0.000000 -5.013939 321.518539 0.010928 -11.905596 0.077237 
107 10.415117 0.000000 -3.575599 336.080191 0.010095 -36.764730 -0.018909 
108 148.560745 0.000000 -49.602502 334.922945 0.000014 -1.662695 0.000038 
109 148.560745 0.000000 -95.629405 334.922190 -0.000012 -1.373657 0.000050 
110 195.094009 0.000000 -49.602502 334.926524 0.000014 -1.662663 0.000016 
111 148.560745 0.000000 -3.575599 334.887944 -0.008800 -12.436891 -0.001108 
112 78.760849 0.000000 -26.589050 334.896847 0.000455 -2.587716 0.000158 
113 78.760849 0.000000 -49.602502 334.894565 0.000021 -1.665012 0.000207 
114 102.027481 0.000000 -26.589050 334.912702 0.000453 -2.585251 0.000064 
115 78.760849 0.000000 -3.575599 334.878701 -0.007799 -12.985802 -0.001177 
116 43.860901 0.000000 -15.082325 334.781969 -0.001026 -4.691506 0.000708 
117 43.860901 0.000000 -26.589050 334.778018 0.000445 -2.591463 0.000867 
118 55.494217 0.000000 -15.082325 334.854561 0.002582 -4.663651 0.000277 
119 43.860901 0.000000 -3.575599 334.826528 -0.006520 -13.397044 -0.000962 
120 26.410927 0.000000 -9.328962 334.263217 -0.000395 -8.042536 0.003421 
121 26.410927 0.000000 -15.082325 334.311527 -0.016207 -4.707866 0.003512 
122 32.227585 0.000000 -9.328962 334.588119 -0.005291 -7.867047 0.001509 
123 26.410927 0.000000 -3.575599 334.463126 -0.006425 -14.353281 0.000969 
124 17.685940 0.000000 -6.452280 332.568789 0.007531 -11.767900 0.012835 
125 17.685940 0.000000 -9.328962 332.800185 -0.006783 -7.803683 0.012154 
126 20.594269 0.000000 -6.452280 333.581944 0.004193 -11.557997 0.006863 
127 17.685940 0.000000 -3.575599 333.179956 -0.015427 -16.723505 0.007950 
128 13.323446 0.000000 -5.013939 327.228143 0.011396 -15.345176 0.043382 
129 13.323446 0.000000 -6.452280 328.615592 0.006583 -10.412997 0.036403 
130 14.777611 0.000000 -5.013939 330.282944 0.011588 -15.502331 0.025434 
131 13.323446 0.000000 -3.575599 328.623258 -0.019389 -21.489063 0.033208 
132 6.052624 0.000000 -0.698917 343.297780 0.013255 9.414314 -0.051361 
133 3.144295 0.000000 -0.698917 335.007479 0.010931 3.976530 -0.000584 
134 6.052624 0.000000 2.177764 341.342635 0.024193 0.984138 -0.038647 
135 10.415117 0.000000 -2.137258 354.687589 -0.009254 -31.174320 -0.130101 
136 8.960953 0.000000 -2.137258 375.000701 -0.005726 -15.174377 -0.255619 
137 11.869282 0.000000 -2.137258 337.530748 -0.009613 -27.115861 -0.022124 
138 10.415117 0.000000 -0.698917 349.755499 -0.004790 -16.503277 -0.092894 
139 11.142199 0.000000 -4.294769 290.327849 0.024481 -28.423313 0.241417 
140 10.415117 0.000000 -4.294769 316.736656 0.006258 17.292214 0.103041 
141 11.142199 0.000000 -5.013939 319.942913 0.010615 -7.021219 0.087070 
142 11.869282 0.000000 -4.294769 240.071515 0.015693 -30.726809 0.477819 
143 11.142199 0.000000 -3.575599 302.438074 0.018884 -48.470223 0.163685 
144 148.560745 0.000000 42.451305 334.934505 -0.000215 -1.640450 -0.000031 
145 195.094009 0.000000 42.451305 334.931775 -0.000214 -1.634601 -0.000014 
146 148.560745 0.000000 88.478208 334.938216 -0.000043 -1.371343 -0.000046 
147 78.760849 0.000000 19.437853 334.942968 -0.000903 -2.502887 -0.000113 
148 102.027481 0.000000 19.437853 334.933656 -0.000908 -2.481647 -0.000057 
149 78.760849 0.000000 42.451305 334.958522 -0.000203 -1.656643 -0.000175 
150 43.860901 0.000000 7.931127 334.965496 -0.002921 -4.437350 -0.000367 
151 55.494217 0.000000 7.931127 334.937678 -0.002697 -4.357347 -0.000195 
152 43.860901 0.000000 19.437853 335.030571 -0.000795 -2.572078 -0.000640 
153 26.410927 0.000000 2.177764 335.002764 0.001739 -7.665181 -0.000938 
154 32.227585 0.000000 2.177764 334.925684 0.007535 -7.185500 -0.000414 
155 26.410927 0.000000 7.931127 335.279809 0.033737 -4.783718 -0.002274 
156 17.685940 0.000000 -0.698917 334.770685 -0.005527 -11.957990 -0.000304 
157 20.594269 0.000000 -0.698917 334.672794 -0.000739 -10.828182 0.000510 
158 17.685940 0.000000 2.177764 335.877921 0.007861 -8.854084 -0.006347 
159 13.323446 0.000000 -2.137258 333.771663 -0.009564 -19.882784 0.003401 
160 14.777611 0.000000 -2.137258 333.578530 -0.009543 -16.555571 0.005630 
161 13.323446 0.000000 -0.698917 337.320039 -0.005345 -16.026873 -0.016592 
162 12.596364 0.000000 -4.294769 323.675250 0.015137 -19.510493 0.062703 
163 12.596364 0.000000 -5.013939 324.637216 0.011220 -14.491957 0.058665 
164 13.323446 0.000000 -4.294769 327.285962 0.015608 -19.096091 0.041893 
165 12.596364 0.000000 -3.575599 325.492322 -0.021206 -24.295223 0.050319 
166 11.142199 0.000000 -2.856428 339.377120 -0.012573 -42.981496 -0.043179 
167 10.415117 0.000000 -2.856428 365.701918 0.005940 -80.042015 -0.249280 
168 11.869282 0.000000 -2.856428 330.613305 -0.012624 -32.302774 0.016328 
169 11.142199 0.000000 -2.137258 344.317357 -0.009500 -31.034333 -0.065406 
170 11.505741 0.000000 -3.935184 283.935084 0.024072 -34.861304 0.270510 
171 11.142199 0.000000 -3.935184 295.433071 0.022808 -34.218119 0.211523 
172 11.505741 0.000000 -4.294769 273.692027 0.024615 -34.054556 0.321922 
173 11.869282 0.000000 -3.935184 264.338531 0.028640 -22.629783 0.372555 
174 11.505741 0.000000 -3.575599 284.318341 0.023459 -36.311560 0.267648 
175 7.506788 0.000000 -5.013939 342.162227 0.003513 -2.821278 -0.043703 
176 6.052624 0.000000 -5.013939 328.418465 -0.002995 -11.748046 0.037294 
177 7.506788 0.000000 -6.452280 333.698797 -0.002643 -3.384223 0.007256 
178 7.506788 0.000000 -3.575599 371.952298 0.006861 39.642029 -0.247277 
179 9.688035 0.000000 -4.294769 323.744312 -0.011706 19.615236 0.062268 
180 8.960953 0.000000 -4.294769 330.226817 -0.007198 18.891756 0.024725 
181 9.688035 0.000000 -5.013939 325.187165 0.009543 2.254972 0.057306 
182 9.688035 0.000000 -3.575599 351.722441 -0.001508 -23.678153 -0.107764 
183 10.778658 0.000000 -3.935184 308.237220 0.020331 -23.199092 0.148261 
184 10.415117 0.000000 -3.935184 329.510280 0.008853 -16.738550 0.029623 
185 10.778658 0.000000 -4.294769 317.508112 0.020147 -26.523540 0.095074 
186 10.778658 0.000000 -3.575599 321.390908 0.014844 -45.861333 0.060483 
187 12.596364 0.000000 -2.856428 330.294755 -0.012545 -25.056212 0.021910 
188 13.323446 0.000000 -2.856428 331.123808 -0.012499 -21.179768 0.018620 
189 12.596364 0.000000 -2.137258 334.677121 -0.009594 -22.896279 -0.003144 
190 11.505741 0.000000 -3.216013 286.397431 0.023220 -37.307794 0.256417 
191 11.142199 0.000000 -3.216013 298.358358 0.021024 -38.681429 0.193139 
192 11.869282 0.000000 -3.216013 252.356000 0.009900 -54.550381 0.405785 
193 11.505741 0.000000 -2.856428 333.314635 -0.012614 -37.878768 -0.003148 
194 11.323970 0.000000 -3.755391 263.990372 0.022062 -27.418803 0.372058 
195 11.142199 0.000000 -3.755391 297.848494 0.029034 -31.351765 0.200425 
196 11.323970 0.000000 -3.935184 292.590770 0.022737 -34.511913 0.226242 
197 11.505741 0.000000 -3.755391 283.694954 0.023760 -35.491395 0.271330 
198 11.323970 0.000000 -3.575599 293.337667 0.021947 -36.744173 0.220923 
199 7.506788 0.000000 -2.137258 370.956375 -0.001285 19.279954 -0.229987 
200 6.052624 0.000000 -2.137258 337.026523 0.006438 22.599991 -0.017091 
201 7.506788 0.000000 -0.698917 353.697761 0.004530 4.861801 -0.115398 
202 9.688035 0.000000 -2.856428 385.025257 0.006071 -63.646001 -0.357593 
203 8.960953 0.000000 -2.856428 399.506525 0.000122 -34.848731 -0.433583 
204 9.688035 0.000000 -2.137258 365.810962 -0.008855 -26.017781 -0.198914 
205 10.778658 0.000000 -3.216013 315.939292 0.017831 -39.753508 0.096116 
206 10.415117 0.000000 -3.216013 348.545173 0.005887 -53.378789 -0.108332 
207 10.778658 0.000000 -2.856428 358.610027 0.005321 -84.783509 -0.210456 
208 10.960429 0.000000 -3.755391 309.840652 0.023322 -30.902772 0.135711 
209 10.778658 0.000000 -3.755391 314.234830 0.020106 -25.489263 0.113987 
210 10.960429 0.000000 -3.935184 304.721996 0.021577 -27.920381 0.165317 
211 10.960429 0.000000 -3.575599 314.457689 0.015745 -47.805849 0.098157 
212 11.323970 0.000000 -3.395806 294.807862 0.021529 -37.665438 0.212604 
213 11.142199 0.000000 -3.395806 297.751470 0.021271 -38.301297 0.196625 
214 11.505741 0.000000 -3.395806 285.415979 0.023280 -36.964597 0.261647 
215 11.323970 0.000000 -3.216013 294.550325 0.021158 -43.155372 0.210002 
216 11.233085 0.000000 -3.665495 295.351741 0.016959 -58.054535 0.192345 
217 11.142199 0.000000 -3.665495 300.050743 0.024178 -41.092561 0.182397 
218 11.233085 0.000000 -3.755391 290.212199 0.038268 -18.110784 0.246293 
219 11.323970 0.000000 -3.665495 271.025805 0.020354 -37.446988 0.332706 
220 11.233085 0.000000 -3.575599 298.632690 0.016281 -52.667223 0.180290 
221 10.051576 0.000000 -3.935184 330.790381 -0.000951 -1.283725 0.024571 
222 9.688035 0.000000 -3.935184 335.553305 -0.007140 2.828720 -0.003777 
223 10.051576 0.000000 -4.294769 321.202293 -0.005689 18.738519 0.077182 
224 10.051576 0.000000 -3.575599 347.473033 0.001999 -29.074065 -0.083816 
225 8.233870 0.000000 -4.294769 338.482718 0.005879 16.246323 -0.023660 
226 7.506788 0.000000 -4.294769 356.617954 0.014891 -6.887930 -0.134101 
227 8.233870 0.000000 -5.013939 336.959021 0.005835 3.357096 -0.012233 
228 8.233870 0.000000 -3.575599 369.979143 -0.000865 7.490714 -0.220719 
229 8.233870 0.000000 -2.856428 406.607821 -0.004213 -2.393316 -0.473838 
230 7.506788 0.000000 -2.856428 398.900905 -0.004993 68.145317 -0.459843 
231 8.233870 0.000000 -2.137258 378.606473 -0.004832 1.284345 -0.277804 
232 8.597412 0.000000 -3.935184 333.966902 -0.001108 17.502534 0.003032 
233 8.233870 0.000000 -3.935184 343.838436 0.004021 14.015444 -0.055633 
234 8.597412 0.000000 -4.294769 332.542522 -0.003274 18.061927 0.011317 
235 8.960953 0.000000 -3.935184 338.460659 -0.006689 12.369311 -0.022538 
236 8.597412 0.000000 -3.575599 366.300578 -0.002869 -1.165159 -0.196087 
237 -130.638840 0.000000 -49.602502 334.924395 -0.000002 -1.261573 0.000039 
238 -177.172104 0.000000 -49.602502 334.927975 -0.000001 -1.264359 0.000018 
239 -130.638840 0.000000 -95.629405 334.922590 -0.000002 -1.265255 0.000050 
240 -130.638840 0.000000 -3.575599 334.929774 -0.000002 -1.259239 0.000007 
241 -60.838943 0.000000 -26.589050 334.901859 -0.000006 -1.240603 0.000174 
242 -84.105575 0.000000 -26.589050 334.917572 -0.000004 -1.250616 0.000080 
243 -60.838943 0.000000 -49.602502 334.896402 -0.000005 -1.255280 0.000207 
244 -60.838943 0.000000 -3.575599 334.921956 -0.000007 -1.229858 0.000055 
245 -25.938995 0.000000 -15.082325 334.797867 -0.000009 -1.168543 0.000797 
246 -37.572311 0.000000 -15.082325 334.867427 -0.000010 -1.200317 0.000381 
247 -25.938995 0.000000 -26.589050 334.787766 -0.000006 -1.226176 0.000856 
248 -25.938995 0.000000 -3.575599 334.867311 -0.000017 -1.116405 0.000383 
249 -8.489021 0.000000 -9.328962 334.286058 -0.000095 -0.840054 0.003855 
250 -14.305679 0.000000 -9.328962 334.632813 -0.000003 -1.032364 0.001784 
251 -8.489021 0.000000 -15.082325 334.141081 -0.000236 -0.849173 0.004719 
252 -8.489021 0.000000 -3.575599 334.540988 -0.000014 -0.605375 0.002338 
253 0.235966 0.000000 -6.452280 332.653032 -0.004212 -0.472718 0.013568 
254 -2.672363 0.000000 -6.452280 333.645924 0.000024 -0.586365 0.007670 
255 0.235966 0.000000 -9.328962 333.185135 -0.009621 -1.404107 0.010394 
256 0.235966 0.000000 -3.575599 333.013050 0.000358 0.510473 0.011432 
257 4.598459 0.000000 -5.013939 326.899419 -0.003668 -2.463765 0.047344 
258 3.144295 0.000000 -5.013939 329.924403 -0.003743 -0.212313 0.029686 
259 4.598459 0.000000 -6.452280 330.286618 -0.009022 -3.131760 0.027467 
260 4.598459 0.000000 -3.575599 324.439240 0.001348 3.956972 0.061543 
261 6.779706 0.000000 -4.294769 257.687787 0.033418 -59.773963 0.376219 
262 6.052624 0.000000 -4.294769 145.644448 0.042730 -125.294644 0.670967 
263 6.779706 0.000000 -5.013939 338.408517 0.001555 -12.126516 -0.022170 
264 6.779706 0.000000 -3.575599 285.082682 0.029542 64.819553 0.238069 
265 -130.638840 0.000000 42.451305 334.935719 -0.000002 -1.260760 -0.000028 
266 -177.172104 0.000000 42.451305 334.933063 -0.000001 -1.264074 -0.000013 
267 -130.638840 0.000000 88.478208 334.938444 -0.000002 -1.264354 -0.000045 
268 -60.838943 0.000000 19.437853 334.946441 -0.000008 -1.234243 -0.000092 
269 -84.105575 0.000000 19.437853 334.937710 -0.000005 -1.248365 -0.000040 
270 -60.838943 0.000000 42.451305 334.959011 -0.000008 -1.248240 -0.000167 
271 -25.938995 0.000000 7.931127 334.967805 -0.000024 -1.121588 -0.000217 
272 -37.572311 0.000000 7.931127 334.945488 -0.000015 -1.183143 -0.000085 
273 -25.938995 0.000000 19.437853 335.028479 -0.000026 -1.173716 -0.000580 
274 -8.489021 0.000000 2.177764 335.087138 -0.000080 -0.192152 -0.000919 
275 -14.305679 0.000000 2.177764 334.917408 -0.000041 -0.915526 0.000088 
276 -8.489021 0.000000 7.931127 335.717255 -0.000779 -0.115825 -0.004687 
277 0.235966 0.000000 -0.698917 334.500818 0.004415 1.309516 0.002566 
278 -2.672363 0.000000 -0.698917 334.562284 -0.000172 0.124757 0.002214 
279 0.235966 0.000000 2.177764 336.047840 0.010448 1.175072 -0.006678 
280 4.598459 0.000000 -2.137258 331.258710 0.006356 8.893301 0.021117 
281 3.144295 0.000000 -2.137258 332.301109 0.006160 3.979866 0.015515 
282 4.598459 0.000000 -0.698917 336.934492 0.011547 6.767028 -0.012393 
283 6.779706 0.000000 -2.856428 337.120734 0.017282 135.723056 -0.177311 
284 6.052624 0.000000 -2.856428 320.556641 0.003337 31.014625 0.075431 
285 6.779706 0.000000 -2.137258 352.464948 0.003107 27.909540 -0.114371 
286 7.143247 0.000000 -3.935184 319.200213 0.023535 2.120371 0.091701 
287 6.779706 0.000000 -3.935184 314.434196 0.024844 -29.772754 0.110760 
288 7.143247 0.000000 -4.294769 339.284668 0.017610 -66.332622 -0.065375 
289 7.506788 0.000000 -3.935184 361.674155 0.012415 12.595698 -0.167467 
290 7.143247 0.000000 -3.575599 307.389620 0.022621 33.000782 0.148002 
291 7.870329 0.000000 -3.935184 352.351361 0.009441 11.919612 -0.107980 
292 7.870329 0.000000 -4.294769 343.892510 0.009893 12.831060 -0.055681 
293 7.870329 0.000000 -3.575599 374.567022 0.002099 22.965300 -0.255370 
294 7.143247 0.000000 -3.216013 349.207752 0.012043 94.243456 -0.166228 
295 6.779706 0.000000 -3.216013 285.001180 0.026749 57.267070 0.246702 
296 7.506788 0.000000 -3.216013 390.274031 -0.001570 71.367188 -0.403161 
297 7.143247 0.000000 -2.856428 371.401461 0.003361 114.893495 -0.347291 
298 7.325018 0.000000 -3.755391 348.468015 0.014895 15.398609 -0.084567 
299 7.143247 0.000000 -3.755391 312.788279 0.024119 10.419963 0.126896 
300 7.325018 0.000000 -3.935184 358.025543 0.016690 -2.281845 -0.142691 
301 7.506788 0.000000 -3.755391 367.430306 0.009911 17.745323 -0.206271 
302 7.325018 0.000000 -3.575599 360.751287 0.010975 47.149283 -0.179926 
303 5.325541 0.000000 -4.294769 319.524658 -0.000887 -3.738290 0.089769 
304 4.598459 0.000000 -4.294769 324.763550 -0.001109 -0.133076 0.059805 
305 5.325541 0.000000 -5.013939 325.700021 -0.003569 -5.989360 0.054056 
306 5.325541 0.000000 -3.575599 316.270574 0.001447 5.592483 0.108058 
307 6.416165 0.000000 -3.935184 242.196417 0.038210 -9.271538 0.476334 
308 6.052624 0.000000 -3.935184 189.619586 0.048098 -18.234245 0.676520 
309 6.416165 0.000000 -4.294769 224.410530 0.038419 -67.241907 0.510774 
310 6.416165 0.000000 -3.575599 238.094299 0.038615 19.664275 0.491216 
311 5.325541 0.000000 -2.856428 323.288010 0.003840 13.905020 0.066606 
312 4.598459 0.000000 -2.856428 327.171428 0.003809 7.613807 0.045295 
313 5.325541 0.000000 -2.137258 331.868277 0.006563 14.387780 0.016374 
314 6.416165 0.000000 -3.216013 233.708367 0.039232 42.326884 0.497139 
315 6.052624 0.000000 -3.216013 134.552800 0.066793 82.231148 0.778335 
316 6.416165 0.000000 -2.856428 285.392434 0.038056 172.935480 0.007353 
317 6.597935 0.000000 -3.755391 185.427670 0.039962 -74.861295 0.643542 
318 6.416165 0.000000 -3.755391 237.253487 0.039560 -1.811360 0.498196 
319 6.597935 0.000000 -3.935184 272.434503 0.029575 -38.176631 0.325390 
320 6.779706 0.000000 -3.755391 287.751281 0.029338 -6.524059 0.261516 
321 6.597935 0.000000 -3.575599 206.702404 0.066175 144.275691 0.433578 
322 5.689083 0.000000 -3.935184 309.380210 0.000502 -3.252891 0.146671 
323 5.325541 0.000000 -3.935184 316.746217 0.000308 0.143342 0.105653 
324 5.689083 0.000000 -4.294769 316.136899 -0.000598 -8.716006 0.108413 
325 5.689083 0.000000 -3.575599 307.279283 0.001475 7.032487 0.157874 
326 6.234394 0.000000 -3.755391 224.625199 0.041744 0.526062 0.550218 
327 6.052624 0.000000 -3.755391 187.654532 0.048850 -13.827692 0.684388 
328 6.234394 0.000000 -3.935184 215.252905 0.043455 -25.626796 0.581116 
329 6.234394 0.000000 -3.575599 223.985729 0.042343 8.089459 0.552194 
330 6.597935 0.000000 -3.395806 257.276843 0.036344 59.305337 0.378603 
331 6.416165 0.000000 -3.395806 242.136332 0.038067 28.363709 0.470188 
332 6.779706 0.000000 -3.395806 291.417986 0.027813 77.263391 0.189750 
333 6.597935 0.000000 -3.216013 252.371709 0.035905 37.591620 0.419643 
334 6.507050 0.000000 -3.665495 157.377315 0.058388 50.425952 0.756549 
335 6.416165 0.000000 -3.665495 237.355923 0.038516 14.242055 0.495984 
336 6.507050 0.000000 -3.755391 168.758145 0.045704 -38.734829 0.732754 
337 6.597935 0.000000 -3.665495 168.665171 0.058170 59.806215 0.714525 
338 6.507050 0.000000 -3.575599 232.838938 0.047446 60.511241 0.484084 
339 6.961477 0.000000 -3.395806 332.110315 0.013556 92.915740 -0.060173 
340 6.961477 0.000000 -3.575599 298.211663 0.024693 40.084548 0.192934 
341 7.143247 0.000000 -3.395806 326.284604 0.016404 54.897659 0.024113 
342 6.961477 0.000000 -3.216013 309.519385 0.020591 61.282317 0.112520 
343 8.597412 0.000000 -3.216013 397.629720 -0.002763 -18.686876 -0.412534 
344 8.233870 0.000000 -3.216013 399.337479 -0.003917 1.729182 -0.421581 
345 8.960953 0.000000 -3.216013 390.483103 -0.000671 -29.531231 -0.366988 
346 8.597412 0.000000 -2.856428 404.045134 -0.002380 -22.312953 -0.459706 
347 10.051576 0.000000 -3.216013 362.784834 0.004439 -54.007310 -0.199226 
348 9.688035 0.000000 -3.216013 372.172731 0.002705 -48.218234 -0.255456 
349 10.051576 0.000000 -2.856428 378.187215 0.006074 -69.843062 -0.318445 
350 10.960429 0.000000 -3.395806 311.266781 0.016939 -44.249395 0.118874 
351 10.778658 0.000000 -3.395806 318.884006 0.015016 -48.878685 0.072243 
352 10.960429 0.000000 -3.216013 306.697821 0.019401 -42.967398 0.145040 
353 11.051314 0.000000 -3.665495 313.228242 0.018398 -47.528523 0.105272 
354 10.960429 0.000000 -3.665495 312.054136 0.020641 -38.049477 0.119048 
355 11.051314 0.000000 -3.755391 304.810716 0.037044 -10.479201 0.170805 
356 11.051314 0.000000 -3.575599 312.368298 0.017053 -49.703765 0.108182 
357 55.494217 0.000000 -141.656309 334.911486 -0.000005 -1.305069 0.000115 
358 8.960953 0.000000 -141.656309 334.908073 -0.000004 -1.291427 0.000136 
359 55.494217 0.000000 -187.683212 334.919138 -0.000003 -1.287836 0.000070 
360 102.027481 0.000000 -141.656309 334.917974 -0.000006 -1.312654 0.000076 
361 32.227585 0.000000 -72.615954 334.855106 -0.000005 -1.407212 0.000450 
362 8.960953 0.000000 -72.615954 334.843087 -0.000005 -1.355622 0.000523 
363 32.227585 0.000000 -95.629405 334.884700 -0.000007 -1.342035 0.000274 
364 55.494217 0.000000 -72.615954 334.879241 -0.000006 -1.437226 0.000305 
365 20.594269 0.000000 -38.095776 334.648661 0.000066 -1.757349 0.001672 
366 8.960953 0.000000 -38.095776 334.614143 0.000040 -1.580345 0.001883 
367 20.594269 0.000000 -49.602502 334.755862 0.000014 -1.539020 0.001038 
368 32.227585 0.000000 -38.095776 334.729027 0.000088 -1.870355 0.001189 
369 14.777611 0.000000 -20.835687 333.886037 -0.027197 -2.755595 0.006176 
370 8.960953 0.000000 -20.835687 333.891049 -0.022569 -2.205943 0.006171 
371 14.777611 0.000000 -26.589050 334.325875 0.000445 -2.130014 0.003584 
372 20.594269 0.000000 -20.835687 334.166209 -0.025359 -3.121505 0.004489 
373 11.869282 0.000000 -12.205643 332.261362 -0.011870 -4.088874 0.015743 
374 8.960953 0.000000 -12.205643 332.326943 -0.040177 -3.147348 0.015415 
375 11.869282 0.000000 -15.082325 333.174785 -0.053644 -3.280020 0.010378 
376 14.777611 0.000000 -12.205643 333.017613 -0.012117 -4.801618 0.011201 
377 10.415117 0.000000 -7.890621 329.962361 -0.004060 -4.236032 0.029303 
378 8.960953 0.000000 -7.890621 331.293349 -0.004081 -3.114900 0.021531 
379 10.415117 0.000000 -9.328962 331.098490 -0.007528 -4.191444 0.022612 
380 11.869282 0.000000 -7.890621 329.532720 0.002876 -6.117407 0.031655 
381 11.142199 0.000000 -5.733110 324.153165 0.007898 -6.189132 0.062995 
382 10.415117 0.000000 -5.733110 325.170095 0.007483 -3.006595 0.057369 
383 11.142199 0.000000 -6.452280 326.867518 0.005743 -5.651779 0.047299 
384 11.869282 0.000000 -5.733110 324.683904 0.008229 -9.220589 0.059509 
385 11.505741 0.000000 -4.654354 317.458722 0.012357 -11.229549 0.100501 
386 11.142199 0.000000 -4.654354 316.799299 0.012208 -7.525046 0.104848 
387 11.505741 0.000000 -5.013939 320.373997 0.010779 -9.659413 0.084217 
388 11.869282 0.000000 -4.654354 319.409993 0.012486 -14.180616 0.088755 
389 11.323970 0.000000 -4.114976 288.371358 0.024357 -29.436890 0.250987 
390 11.142199 0.000000 -4.114976 295.516062 0.022825 -33.739360 0.211376 
391 11.323970 0.000000 -4.294769 279.318021 0.027609 -26.358237 0.298332 
392 11.505741 0.000000 -4.114976 284.646992 0.024275 -34.576288 0.267078 
393 11.233085 0.000000 -3.845288 291.765335 0.030336 -24.972265 0.235600 
394 11.142199 0.000000 -3.845288 296.868207 0.028038 -26.059898 0.208330 
395 11.233085 0.000000 -3.935184 293.888756 0.022806 -34.364275 0.219547 
396 11.323970 0.000000 -3.845288 292.376887 0.022622 -34.930747 0.227098 
397 12.232823 0.000000 -3.935184 320.769685 0.001925 -23.205789 0.077987 
398 12.232823 0.000000 -4.294769 320.800061 0.014877 -19.218117 0.079322 
399 12.596364 0.000000 -3.935184 324.091078 0.001241 -22.318932 0.059254 
400 12.232823 0.000000 -3.575599 322.665944 -0.022398 -26.656355 0.065577 
401 11.687511 0.000000 -3.755391 283.408326 0.023658 -35.540890 0.272748 
402 11.687511 0.000000 -3.935184 277.051498 0.026545 -28.024614 0.308766 
403 11.869282 0.000000 -3.755391 272.627679 0.023923 -34.815376 0.326638 
404 11.687511 0.000000 -3.575599 283.859619 0.023461 -36.098116 0.270110 
405 11.414855 0.000000 -3.665495 277.532413 0.017547 -44.900234 0.295418 
406 11.414855 0.000000 -3.755391 269.901957 0.019727 -32.938907 0.340954 
407 11.505741 0.000000 -3.665495 283.904581 0.023598 -35.900757 0.270009 
408 11.414855 0.000000 -3.575599 292.191776 0.021957 -36.542791 0.227036 
409 11.278527 0.000000 -3.710443 274.199594 0.022936 -34.990194 0.318867 
410 11.233085 0.000000 -3.710443 293.378958 0.029101 -35.706826 0.221377 
411 11.278527 0.000000 -3.755391 274.394955 0.024915 -30.533776 0.320515 
412 11.323970 0.000000 -3.710443 254.594588 0.016064 -41.424833 0.406898 
413 11.278527 0.000000 -3.665495 277.639688 0.021200 -39.444146 0.298989 
414 16.231775 0.000000 -5.013939 331.827159 0.011758 -15.226942 0.016395 
415 16.231775 0.000000 -6.452280 331.669844 0.007225 -11.825464 0.018146 
416 17.685940 0.000000 -5.013939 332.718924 0.012052 -14.962350 0.011184 
417 16.231775 0.000000 -3.575599 332.508446 -0.016482 -17.375550 0.011736 
418 14.050529 0.000000 -4.294769 329.329110 0.016226 -18.513191 0.030130 
419 14.050529 0.000000 -5.013939 329.048633 0.011532 -15.513329 0.032686 
420 14.777611 0.000000 -4.294769 330.600792 0.017032 -18.079414 0.022790 
421 14.050529 0.000000 -3.575599 330.299514 -0.018290 -19.840421 0.023970 
422 12.959905 0.000000 -3.935184 326.261314 0.000634 -21.470186 0.047004 
423 12.959905 0.000000 -4.294769 325.763637 0.015332 -19.372954 0.050660 
424 13.323446 0.000000 -3.935184 327.765414 0.000061 -20.736751 0.038511 
425 12.959905 0.000000 -3.575599 327.339723 -0.020063 -22.682881 0.040244 
426 16.231775 0.000000 -2.137258 333.773503 -0.009469 -14.890590 0.004937 
427 17.685940 0.000000 -2.137258 333.990084 -0.009368 -13.879754 0.003907 
428 16.231775 0.000000 -0.698917 334.981371 -0.005497 -12.803313 -0.001748 
429 14.050529 0.000000 -2.856428 331.861943 -0.012430 -19.032679 0.015027 
430 14.777611 0.000000 -2.856428 332.403395 -0.012401 -17.562795 0.012301 
431 14.050529 0.000000 -2.137258 333.566902 -0.009528 -17.882477 0.005292 
432 13.686987 0.000000 -3.935184 328.865635 -0.000476 -20.139711 0.032289 
433 13.686987 0.000000 -4.294769 328.430032 0.015875 -18.812075 0.035302 
434 14.050529 0.000000 -3.935184 329.715589 -0.000952 -19.612281 0.027486 
435 13.686987 0.000000 -3.575599 329.566930 -0.018804 -20.584689 0.028011 
436 15.504693 0.000000 -4.294769 331.439036 0.018239 -17.714840 0.017959 
437 15.504693 0.000000 -5.013939 331.171464 0.011670 -15.346641 0.020238 
438 16.231775 0.000000 -4.294769 332.056348 0.020018 -17.329617 0.014429 
439 15.504693 0.000000 -3.575599 332.018022 -0.016983 -17.930368 0.014467 
440 14.414070 0.000000 -3.935184 330.379108 -0.001400 -19.155650 0.023739 
441 14.414070 0.000000 -4.294769 330.038621 0.016630 -18.231612 0.026052 
442 14.777611 0.000000 -3.935184 330.916852 -0.001859 -18.763928 0.020702 
443 14.414070 0.000000 -3.575599 330.873091 -0.017862 -19.221408 0.020805 
444 13.686987 0.000000 -3.216013 330.480484 -0.014319 -20.400832 0.022703 
445 13.323446 0.000000 -3.216013 329.790033 -0.014365 -21.507432 0.026353 
446 14.050529 0.000000 -3.216013 331.036713 -0.014247 -19.514092 0.019738 
447 13.686987 0.000000 -2.856428 331.514319 -0.012476 -19.991849 0.016749 
448 13.868758 0.000000 -3.755391 329.609668 -0.003638 -20.139399 0.027921 
449 13.686987 0.000000 -3.755391 329.184487 -0.003429 -20.473818 0.030297 
450 13.868758 0.000000 -3.935184 329.317499 -0.000714 -19.866364 0.029735 
451 14.050529 0.000000 -3.755391 329.984238 -0.003897 -19.831427 0.025829 
452 13.868758 0.000000 -3.575599 329.955968 -0.018532 -20.195244 0.025865 
453 23.502598 0.000000 -6.452280 334.066317 0.006369 -11.425981 0.004007 
454 23.502598 0.000000 -9.328962 333.978039 -0.002599 -8.073400 0.005115 
455 26.410927 0.000000 -6.452280 334.323569 0.008101 -11.373023 0.002485 
456 23.502598 0.000000 -3.575599 334.266399 -0.008140 -14.699165 0.002053 
457 19.140104 0.000000 -5.013939 333.294368 0.012642 -14.711558 0.007834 
458 19.140104 0.000000 -6.452280 333.185870 0.007963 -11.624826 0.009203 
459 20.594269 0.000000 -5.013939 333.681911 0.011559 -14.541359 0.005574 
460 19.140104 0.000000 -3.575599 333.620579 -0.014587 -15.788869 0.005601 
461 16.958858 0.000000 -4.294769 332.513166 0.022765 -17.073087 0.011801 
462 16.958858 0.000000 -5.013939 332.297561 0.012086 -15.189804 0.013620 
463 17.685940 0.000000 -4.294769 332.875421 0.002230 -16.834725 0.009724 
464 16.958858 0.000000 -3.575599 332.883719 -0.015920 -16.896010 0.009657 
465 23.502598 0.000000 -0.698917 334.700602 -0.001868 -10.286685 0.000446 
466 26.410927 0.000000 -0.698917 334.746952 -0.003226 -10.011311 0.000219 
467 23.502598 0.000000 2.177764 335.077642 0.003892 -7.876223 -0.001415 
468 19.140104 0.000000 -2.137258 334.168457 -0.009095 -13.167658 0.003017 
469 20.594269 0.000000 -2.137258 334.303081 -0.006130 -12.644911 0.002335 
470 19.140104 0.000000 -0.698917 334.699402 -0.005473 -11.271062 0.000264 
471 16.958858 0.000000 -2.856428 333.371488 -0.012423 -15.508873 0.007161 
472 16.231775 0.000000 -2.856428 333.121105 -0.012315 -16.050279 0.008496 
473 17.685940 0.000000 -2.856428 333.579957 -0.012040 -15.055483 0.006045 
474 16.958858 0.000000 -2.137258 333.881433 -0.009421 -14.392268 0.004425 
475 16.595316 0.000000 -3.935184 332.480574 -0.003272 -17.529197 0.011854 
476 16.231775 0.000000 -3.935184 332.249198 -0.003155 -17.747473 0.013156 
477 16.595316 0.000000 -4.294769 332.306606 0.021304 -17.179493 0.012993 
478 16.958858 0.000000 -3.935184 332.672034 -0.003307 -17.361813 0.010770 
479 16.595316 0.000000 -3.575599 332.713508 -0.016212 -17.106352 0.010603 
480 18.413022 0.000000 -4.294769 333.159069 0.002090 -16.629357 0.008102 
481 18.413022 0.000000 -5.013939 333.030245 0.012331 -14.839026 0.009369 
482 19.140104 0.000000 -4.294769 333.399272 0.002008 -16.426177 0.006734 
483 18.413022 0.000000 -3.575599 333.419923 -0.014979 -16.120532 0.006700 
484 22.048433 0.000000 -5.013939 333.942975 0.013990 -14.441302 0.004046 
485 22.048433 0.000000 -6.452280 333.871209 0.005249 -11.476506 0.005158 
486 23.502598 0.000000 -5.013939 334.122736 0.017114 -14.398179 0.002987 
487 22.048433 0.000000 -3.575599 334.122555 -0.010701 -14.942603 0.002845 
488 19.867187 0.000000 -4.294769 333.608422 0.002138 -16.209631 0.005554 
489 19.867187 0.000000 -5.013939 333.527307 0.013088 -14.579388 0.006484 
490 20.594269 0.000000 -4.294769 333.754955 0.002453 -16.096427 0.004715 
491 19.867187 0.000000 -3.575599 333.792196 -0.014111 -15.511337 0.004658 
492 22.048433 0.000000 -2.137258 334.410591 -0.006450 -12.302860 0.001770 
493 23.502598 0.000000 -2.137258 334.489202 -0.005794 -12.080401 0.001350 
494 22.048433 0.000000 -0.698917 334.683327 -0.001320 -10.502934 0.000509 
495 21.321351 0.000000 -4.294769 333.878634 0.002752 -16.019975 0.004000 
496 21.321351 0.000000 -5.013939 333.816898 0.012576 -14.494407 0.004783 
497 22.048433 0.000000 -4.294769 333.994980 0.005385 -15.917998 0.003337 
498 21.321351 0.000000 -3.575599 334.023085 -0.012303 -15.110025 0.003393 
499 19.867187 0.000000 -2.856428 334.021120 -0.011339 -14.062014 0.003677 
500 19.140104 0.000000 -2.856428 333.892619 -0.011616 -14.327361 0.004375 
501 20.594269 0.000000 -2.856428 334.110363 -0.011004 -13.790828 0.003213 
502 19.867187 0.000000 -2.137258 334.245135 -0.008924 -12.821366 0.002640 
503 20.230728 0.000000 -3.935184 333.766821 -0.018865 -16.025387 0.004664 
504 19.867187 0.000000 -3.935184 333.685142 -0.019718 -16.181379 0.005106 
505 20.230728 0.000000 -4.294769 333.691565 0.002283 -16.134218 0.005081 
506 20.594269 0.000000 -3.935184 333.826054 -0.018158 -15.956103 0.004332 
507 20.230728 0.000000 -3.575599 333.864493 -0.013814 -15.341271 0.004274 
508 38.044243 0.000000 -9.328962 334.727783 -0.001531 -7.765874 0.000690 
509 38.044243 0.000000 -15.082325 334.699128 -0.003117 -4.735468 0.001198 
510 43.860901 0.000000 -9.328962 334.799902 0.006491 -7.723600 0.000265 
511 38.044243 0.000000 -3.575599 334.788208 -0.006436 -13.539662 -0.000768 
512 29.319256 0.000000 -6.452280 334.494547 0.006220 -11.300439 0.001480 
513 29.319256 0.000000 -9.328962 334.474509 -0.003844 -7.907358 0.002181 
514 32.227585 0.000000 -6.452280 334.630617 0.010559 -11.125366 0.000704 
515 29.319256 0.000000 -3.575599 334.589010 -0.006506 -14.009603 0.000306 
516 24.956762 0.000000 -5.013939 334.244983 0.019247 -14.431571 0.002250 
517 24.956762 0.000000 -6.452280 334.188471 0.007291 -11.473266 0.003270 
518 26.410927 0.000000 -5.013939 334.361932 0.020621 -14.352830 0.001573 
519 24.956762 0.000000 -3.575599 334.372771 -0.006695 -14.371236 0.001504 
520 22.775516 0.000000 -4.294769 334.088634 0.008250 -15.826657 0.002805 
521 22.775516 0.000000 -5.013939 334.033677 0.015613 -14.432253 0.003508 
522 23.502598 0.000000 -4.294769 334.163758 0.010844 -15.778277 0.002371 
523 22.775516 0.000000 -3.575599 334.202320 -0.009369 -14.795219 0.002409 
524 38.044243 0.000000 2.177764 334.912039 0.002077 -6.984177 -0.000308 
525 43.860901 0.000000 2.177764 334.906680 -0.004655 -6.899977 -0.000265 
526 38.044243 0.000000 7.931127 335.006167 0.007491 -4.528980 -0.000618 
527 29.319256 0.000000 -0.698917 334.795082 -0.000632 -9.770457 -0.000025 
528 32.227585 0.000000 -0.698917 334.813367 -0.005380 -9.500989 -0.000088 
529 29.319256 0.000000 2.177764 334.938485 0.005869 -7.314652 -0.000508 
530 24.956762 0.000000 -2.137258 334.552706 -0.005897 -11.967417 0.000995 
531 26.410927 0.000000 -2.137258 334.610772 -0.006227 -11.768099 0.000691 
532 24.956762 0.000000 -0.698917 334.774910 -0.002519 -10.454010 -0.000028 
533 24.229680 0.000000 -4.294769 334.235185 0.012505 -15.695382 0.001969 
534 24.229680 0.000000 -5.013939 334.188556 0.018293 -14.408755 0.002592 
535 24.956762 0.000000 -4.294769 334.280894 0.013603 -15.723804 0.001688 
536 24.229680 0.000000 -3.575599 334.328251 -0.007309 -14.574627 0.001716 
537 26.410927 0.000000 -20.835687 334.402136 -0.022682 -3.295853 0.003073 
538 26.410927 0.000000 -26.589050 334.535412 -0.007487 -2.471439 0.002320 
539 32.227585 0.000000 -20.835687 334.583154 -0.007624 -3.326553 0.001991 
540 23.502598 0.000000 -12.205643 333.972375 -0.006811 -6.061590 0.005403 
541 20.594269 0.000000 -12.205643 333.663302 -0.009199 -5.905056 0.007259 
542 23.502598 0.000000 -15.082325 334.069369 -0.023206 -4.714939 0.004954 
543 26.410927 0.000000 -12.205643 334.248813 -0.015788 -6.080506 0.003754 
544 24.956762 0.000000 -7.890621 334.155205 0.001996 -9.509262 0.003835 
545 23.502598 0.000000 -7.890621 334.020441 0.001005 -9.476733 0.004643 
546 24.956762 0.000000 -9.328962 334.126757 -0.001484 -8.080189 0.004229 
547 26.410927 0.000000 -7.890621 334.284638 0.002973 -9.449060 0.003074 
548 24.229680 0.000000 -5.733110 334.162981 0.010931 -12.738229 0.003148 
549 23.502598 0.000000 -5.733110 334.095119 0.010329 -12.722993 0.003556 
550 24.229680 0.000000 -6.452280 334.135602 0.006849 -11.437699 0.003592 
551 24.956762 0.000000 -5.733110 334.220569 0.011432 -12.751860 0.002802 
552 23.866139 0.000000 -4.654354 334.175913 0.026517 -15.270041 0.002439 
553 23.502598 0.000000 -4.654354 334.138131 0.025307 -15.302251 0.002656 
554 23.866139 0.000000 -5.013939 334.162489 0.017744 -14.375336 0.002756 
555 24.229680 0.000000 -4.654354 334.211823 0.027551 -15.252574 0.002230 
556 23.866139 0.000000 -4.294769 334.200415 0.011800 -15.732142 0.002166 
557 27.865091 0.000000 -5.013939 334.449975 0.021256 -14.285427 0.001065 
558 27.865091 0.000000 -6.452280 334.425451 0.008913 -11.292523 0.001894 
559 29.319256 0.000000 -5.013939 334.506436 0.020022 -14.251437 0.000737 
560 27.865091 0.000000 -3.575599 334.534518 -0.006806 -14.162913 0.000592 
561 25.683845 0.000000 -4.294769 334.343748 0.014408 -15.640400 0.001337 
562 25.683845 0.000000 -5.013939 334.312767 0.020032 -14.387930 0.001857 
563 26.410927 0.000000 -4.294769 334.390087 0.014672 -15.566123 0.001081 
564 25.683845 0.000000 -3.575599 334.422105 -0.006499 -14.454439 0.001188 
565 27.865091 0.000000 -2.137258 334.655823 -0.006705 -11.597368 0.000458 
566 29.319256 0.000000 -2.137258 334.696094 -0.004942 -11.464109 0.000245 
567 27.865091 0.000000 -0.698917 334.768602 0.001078 -9.869919 0.000115 
568 27.138009 0.000000 -4.294769 334.432359 0.014370 -15.499430 0.000848 
569 27.138009 0.000000 -5.013939 334.407532 0.020997 -14.324867 0.001308 
570 27.865091 0.000000 -4.294769 334.472937 0.013893 -15.421000 0.000628 
571 27.138009 0.000000 -3.575599 334.499005 -0.006572 -14.262695 0.000779 
572 35.135914 0.000000 -6.452280 334.704854 0.010419 -11.065885 0.000272 
573 35.135914 0.000000 -9.328962 334.673814 0.002166 -7.792271 0.001008 
574 38.044243 0.000000 -6.452280 334.752138 0.009658 -11.021865 -0.000001 
575 35.135914 0.000000 -3.575599 334.753091 -0.006240 -13.636558 -0.000582 
576 30.773420 0.000000 -5.013939 334.596493 0.020934 -14.182464 0.000217 
577 30.773420 0.000000 -6.452280 334.576388 0.008118 -11.162488 0.001020 
578 32.227585 0.000000 -5.013939 334.652989 0.022103 -14.141336 -0.000109 
579 30.773420 0.000000 -3.575599 334.652747 -0.006199 -13.844016 -0.000034 
580 28.592174 0.000000 -4.294769 334.499579 0.012752 -15.392076 0.000477 
581 28.592174 0.000000 -5.013939 334.476926 0.019657 -14.295389 0.000902 
582 29.319256 0.000000 -4.294769 334.523234 -0.005316 -15.301205 0.000360 
583 28.592174 0.000000 -3.575599 334.560405 -0.006615 -14.115461 0.000450 
584 29.319256 0.000000 -12.205643 334.454043 -0.009216 -5.989287 0.002540 
585 29.319256 0.000000 -15.082325 334.446767 -0.022444 -4.744633 0.002703 
586 32.227585 0.000000 -12.205643 334.564586 -0.006952 -5.981264 0.001882 
587 27.865091 0.000000 -7.890621 334.392009 -0.002336 -9.407075 0.002441 
588 27.865091 0.000000 -9.328962 334.367864 -0.007180 -8.012429 0.002802 
589 29.319256 0.000000 -7.890621 334.493465 -0.000403 -9.284026 0.001857 
590 28.592174 0.000000 -5.733110 334.470153 0.010337 -12.595571 0.001350 
591 27.865091 0.000000 -5.733110 334.439071 0.012913 -12.593359 0.001536 
592 28.592174 0.000000 -6.452280 334.453162 0.005445 -11.350109 0.001717 
593 29.319256 0.000000 -5.733110 334.503127 0.010858 -12.612517 0.001149 
594 28.228632 0.000000 -4.654354 334.471647 0.033595 -15.113994 0.000719 
595 27.865091 0.000000 -4.654354 334.456766 0.033377 -15.129560 0.000803 
596 28.228632 0.000000 -5.013939 334.465245 0.021360 -14.273536 0.000977 
597 28.592174 0.000000 -4.654354 334.483047 0.032589 -15.127319 0.000647 
598 28.228632 0.000000 -4.294769 334.487668 0.013636 -15.392055 0.000548 
599 148.560745 0.000000 -141.656309 334.923050 -0.000007 -1.315376 0.000046 
600 148.560745 0.000000 -187.683212 334.924487 -0.000004 -1.294335 0.000038 
601 195.094009 0.000000 -141.656309 334.926117 -0.000008 -1.316047 0.000028 
602 -37.572311 0.000000 -141.656309 334.911645 -0.000003 -1.277891 0.000115 
603 -84.105575 0.000000 -141.656309 334.918168 -0.000002 -1.270484 0.000076 
604 -37.572311 0.000000 -187.683212 334.919198 -0.000002 -1.275680 0.000070 
605 78.760849 0.000000 -72.615954 334.898912 -0.000008 -1.448719 0.000187 
606 78.760849 0.000000 -95.629405 334.905037 -0.000009 -1.367847 0.000152 
607 102.027481 0.000000 -72.615954 334.911134 -0.000010 -1.451887 0.000114 
608 -14.305679 0.000000 -72.615954 334.856230 -0.000006 -1.304837 0.000445 
609 -37.572311 0.000000 -72.615954 334.880440 -0.000005 -1.276017 0.000301 
610 -14.305679 0.000000 -95.629405 334.885110 -0.000005 -1.295436 0.000273 
611 43.860901 0.000000 -38.095776 334.801075 0.000102 -1.919112 0.000757 
612 43.860901 0.000000 -49.602502 334.827714 0.000023 -1.638528 0.000607 
613 55.494217 0.000000 -38.095776 334.848749 0.000106 -1.934863 0.000472 
614 -2.672363 0.000000 -38.095776 334.657469 0.000015 -1.409703 0.001629 
615 -14.305679 0.000000 -38.095776 334.737716 -0.000000 -1.305652 0.001153 
616 -2.672363 0.000000 -49.602502 334.759039 0.000000 -1.372533 0.001024 
617 3.144295 0.000000 -20.835687 333.835800 -0.000903 -1.684389 0.006518 
618 -2.672363 0.000000 -20.835687 333.917399 0.000159 -1.233762 0.006044 
619 3.144295 0.000000 -26.589050 334.350836 0.000121 -1.632728 0.003452 
620 17.685940 0.000000 -12.205643 333.200880 -0.011179 -5.607219 0.010038 
621 17.685940 0.000000 -15.082325 333.568547 -0.030772 -4.263264 0.007971 
622 6.052624 0.000000 -12.205643 332.441272 -0.029124 -2.391538 0.014775 
623 3.144295 0.000000 -12.205643 333.466218 -0.021703 -2.132416 0.008701 
624 6.052624 0.000000 -15.082325 333.354090 -0.035616 -2.286444 0.009361 
625 13.323446 0.000000 -7.890621 330.043454 0.003324 -7.819434 0.028441 
626 13.323446 0.000000 -9.328962 331.113694 -0.007961 -6.372666 0.022316 
627 14.777611 0.000000 -7.890621 330.934215 0.003699 -8.961809 0.023022 
628 7.506788 0.000000 -7.890621 332.296131 -0.007207 -3.219816 0.015593 
629 6.052624 0.000000 -7.890621 332.012166 -0.016650 -3.357508 0.017267 
630 7.506788 0.000000 -9.328962 332.145781 -0.026373 -3.060955 0.016493 
631 9.688035 0.000000 -5.733110 327.586101 0.003746 -0.563226 0.043389 
632 8.960953 0.000000 -5.733110 330.913824 0.003206 0.501938 0.023856 
633 9.688035 0.000000 -6.452280 328.988736 0.000655 -2.222345 0.035138 
634 38.044243 0.000000 -20.835687 334.704418 0.000999 -3.318093 0.001268 
635 38.044243 0.000000 -26.589050 334.720497 0.000421 -2.577699 0.001211 
636 43.860901 0.000000 -20.835687 334.774422 0.001012 -3.312779 0.000851 
637 16.231775 0.000000 -7.890621 331.849372 0.003978 -9.384680 0.017546 
638 16.231775 0.000000 -9.328962 332.194980 -0.007476 -7.626958 0.015766 
639 17.685940 0.000000 -7.890621 332.718642 0.004315 -9.304829 0.012409 
640 19.140104 0.000000 -7.890621 333.175091 -0.002019 -9.496133 0.009668 
641 19.140104 0.000000 -9.328962 333.179609 -0.005908 -8.043841 0.009868 
642 20.594269 0.000000 -7.890621 333.535574 -0.001067 -9.536342 0.007519 
643 12.596364 0.000000 -5.733110 326.178960 0.008528 -11.336299 0.050447 
644 12.596364 0.000000 -6.452280 327.629706 0.006354 -9.314227 0.042364 
645 13.323446 0.000000 -5.733110 327.811483 0.008760 -12.483293 0.040686 
646 14.050529 0.000000 -5.733110 329.191182 0.008947 -13.063828 0.032473 
647 14.050529 0.000000 -6.452280 329.608135 0.006779 -11.048367 0.030458 
648 14.777611 0.000000 -5.733110 330.271975 0.009056 -13.238008 0.026079 
649 10.778658 0.000000 -4.654354 317.390889 0.012034 -3.942683 0.101870 
650 10.415117 0.000000 -4.654354 318.826625 0.011828 -0.783551 0.093861 
651 10.778658 0.000000 -5.013939 320.360039 0.010416 -4.256767 0.084967 
652 12.232823 0.000000 -4.654354 321.799706 0.012639 -15.928822 0.074626 
653 12.232823 0.000000 -5.013939 323.046831 0.011106 -13.507639 0.068092 
654 12.596364 0.000000 -4.654354 323.933969 0.012741 -16.879856 0.062063 
655 12.959905 0.000000 -4.654354 325.731960 0.012818 -17.139876 0.051571 
656 12.959905 0.000000 -5.013939 326.027971 0.011316 -15.059200 0.050449 
657 13.323446 0.000000 -4.654354 327.136251 0.012877 -17.150587 0.043395 
658 11.687511 0.000000 -4.114976 272.983258 0.024321 -34.241771 0.325262 
659 11.687511 0.000000 -4.294769 256.291898 0.021070 -32.551066 0.405020 
660 11.869282 0.000000 -4.114976 256.153850 0.020968 -32.663773 0.405585 
661 8.233870 0.000000 -5.733110 334.319389 0.002433 -0.416791 0.003661 
662 7.506788 0.000000 -5.733110 336.166090 0.000155 -3.441501 -0.007480 
663 8.233870 0.000000 -6.452280 332.830552 -0.000179 -2.022398 0.012481 
664 10.051576 0.000000 -4.654354 320.868877 0.011541 1.943345 0.082187 
665 9.688035 0.000000 -4.654354 323.426580 0.011145 4.238960 0.067370 
666 10.051576 0.000000 -5.013939 323.085155 0.009902 0.452629 0.069496 
667 9.324494 0.000000 -3.935184 333.972755 -0.009595 10.846343 0.004679 
668 9.324494 0.000000 -4.294769 327.914636 -0.011180 19.721551 0.038005 
669 9.324494 0.000000 -3.575599 357.436283 -0.003824 -16.380266 -0.141278 
670 10.960429 0.000000 -4.114976 299.498429 0.021120 -29.255287 0.192771 
671 10.778658 0.000000 -4.114976 301.694168 0.020454 -28.206673 0.181541 
672 10.960429 0.000000 -4.294769 291.754721 0.024507 -27.711870 0.234369 
673 12.232823 0.000000 -3.216013 326.225413 -0.014555 -28.227197 0.044219 
674 12.596364 0.000000 -3.216013 327.745055 -0.014477 -25.202890 0.036801 
675 12.232823 0.000000 -2.856428 330.042405 -0.012569 -27.985083 0.022011 
676 12.959905 0.000000 -3.216013 328.899800 -0.014415 -23.002591 0.030987 
677 12.959905 0.000000 -2.856428 330.692343 -0.012531 -22.773155 0.020541 
678 11.687511 0.000000 -3.395806 281.921485 0.020832 -43.254060 0.274823 
679 11.869282 0.000000 -3.395806 256.203475 0.020758 -33.184048 0.405053 
680 11.687511 0.000000 -3.216013 273.804510 0.023747 -35.771995 0.320304 
681 11.414855 0.000000 -3.845288 286.624998 0.023938 -30.864902 0.259170 
682 11.414855 0.000000 -3.935184 286.876795 0.024079 -30.412684 0.258130 
683 11.505741 0.000000 -3.845288 283.718302 0.023925 -35.134160 0.271437 
684 9.324494 0.000000 -3.216013 383.721291 0.001757 -44.326821 -0.330063 
685 9.324494 0.000000 -2.856428 395.219221 0.002497 -47.081912 -0.412145 
686 11.051314 0.000000 -3.845288 300.402097 0.028209 -18.836420 0.192406 
687 10.960429 0.000000 -3.845288 304.909823 0.025954 -21.510945 0.167120 
688 11.051314 0.000000 -3.935184 298.431667 0.021450 -30.529188 0.197778 
689 7.870329 0.000000 -3.216013 400.023746 -0.004220 30.195178 -0.434572 
690 7.870329 0.000000 -2.856428 406.737771 -0.005747 27.983227 -0.481709 
691 6.961477 0.000000 -3.755391 300.686046 0.026417 9.062188 0.193315 
692 6.961477 0.000000 -3.935184 319.971699 0.024565 -16.188624 0.085009 
693 7.325018 0.000000 -3.395806 371.650695 0.006721 71.703171 -0.277101 
694 7.506788 0.000000 -3.395806 380.835905 0.002264 60.674998 -0.325700 
695 7.325018 0.000000 -3.216013 374.000384 0.004800 83.058836 -0.308385 
696 5.689083 0.000000 -3.216013 312.636583 0.002503 16.213471 0.126367 
697 5.325541 0.000000 -3.216013 318.827815 0.002607 10.681271 0.092842 
698 5.689083 0.000000 -2.856428 320.980481 0.003700 20.143437 0.077965 
699 6.234394 0.000000 -3.395806 208.247553 0.045455 22.825183 0.608773 
700 6.052624 0.000000 -3.395806 153.753198 0.057230 19.461648 0.785891 
701 6.234394 0.000000 -3.216013 189.060073 0.050090 51.185306 0.658018 
702 15.504693 0.000000 -5.733110 331.075501 0.009195 -13.319841 0.021322 
703 15.504693 0.000000 -6.452280 331.080674 0.007067 -11.794124 0.021633 
704 16.231775 0.000000 -5.733110 331.712113 0.009326 -13.310817 0.017563 
705 16.958858 0.000000 -5.733110 332.196640 0.009446 -13.309251 0.014696 
706 16.958858 0.000000 -6.452280 332.157446 0.007361 -11.815234 0.015263 
707 17.685940 0.000000 -5.733110 332.619673 0.009596 -13.196701 0.012216 
708 13.686987 0.000000 -4.654354 328.231072 0.012927 -17.117647 0.037009 
709 13.686987 0.000000 -5.013939 328.215644 0.011465 -15.490023 0.037573 
710 14.050529 0.000000 -4.654354 329.119320 0.012981 -16.997318 0.031841 
711 14.414070 0.000000 -4.654354 329.835073 0.013023 -16.853413 0.027680 
712 14.414070 0.000000 -5.013939 329.738216 0.011584 -15.479420 0.028645 
713 14.777611 0.000000 -4.654354 330.390015 0.013018 -16.871973 0.024408 
714 15.504693 0.000000 -2.856428 332.801272 -0.012321 -16.623596 0.010227 
715 15.504693 0.000000 -2.137258 333.659828 -0.009506 -15.564015 0.005431 
716 14.414070 0.000000 -3.216013 331.482091 -0.014183 -18.792170 0.017354 
717 14.777611 0.000000 -3.216013 331.853019 -0.014166 -18.202650 0.015356 
718 14.414070 0.000000 -2.856428 332.156547 -0.012392 -18.258614 0.013541 
719 22.048433 0.000000 -7.890621 333.823825 -0.000048 -9.497017 0.005810 
720 22.048433 0.000000 -9.328962 333.795232 -0.003708 -8.049684 0.006207 
721 18.413022 0.000000 -5.733110 332.947073 0.009844 -13.108177 0.010294 
722 18.413022 0.000000 -6.452280 332.903931 0.007067 -11.701583 0.010861 
723 19.140104 0.000000 -5.733110 333.226066 0.010071 -13.006375 0.008661 
724 19.867187 0.000000 -5.733110 333.466972 0.010350 -12.875509 0.007259 
725 19.867187 0.000000 -6.452280 333.422055 0.008172 -11.543464 0.007816 
726 20.594269 0.000000 -5.733110 333.629561 0.007537 -12.870802 0.006294 
727 18.413022 0.000000 -2.856428 333.747396 -0.011824 -14.672593 0.005150 
728 18.413022 0.000000 -2.137258 334.075764 -0.009216 -13.476141 0.003496 
729 21.321351 0.000000 -5.733110 333.772672 0.008139 -12.825672 0.005452 
730 21.321351 0.000000 -6.452280 333.688194 0.004693 -11.715908 0.006198 
731 22.048433 0.000000 -5.733110 333.906007 0.008866 -12.778700 0.004670 
732 22.775516 0.000000 -5.733110 334.001174 0.009641 -12.769474 0.004105 
733 22.775516 0.000000 -6.452280 333.969205 0.005837 -11.467234 0.004577 
734 21.321351 0.000000 -2.856428 334.191107 -0.009169 -13.642668 0.002768 
735 22.048433 0.000000 -2.856428 334.268770 -0.008685 -13.473380 0.002346 
736 21.321351 0.000000 -2.137258 334.355883 -0.006082 -12.467946 0.002060 
737 22.775516 0.000000 -2.856428 334.321619 -0.008147 -13.209788 0.002094 
738 23.502598 0.000000 -2.856428 334.380163 -0.007742 -13.243319 0.001737 
739 22.775516 0.000000 -2.137258 334.449902 -0.005190 -12.199547 0.001558 
740 35.135914 0.000000 -12.205643 334.646116 -0.009859 -5.949829 0.001399 
741 35.135914 0.000000 -15.082325 334.635051 -0.012599 -4.754937 0.001579 
742 38.044243 0.000000 -12.205643 334.709502 -0.004696 -5.928559 0.001023 
743 30.773420 0.000000 -7.890621 334.556878 0.002351 -9.252483 0.001484 
744 30.773420 0.000000 -9.328962 334.539658 -0.001826 -7.874131 0.001797 
745 32.227585 0.000000 -7.890621 334.610520 0.006599 -9.219084 0.001169 
746 25.683845 0.000000 -5.733110 334.290317 0.011865 -12.706400 0.002397 
747 25.683845 0.000000 -6.452280 334.266453 0.007717 -11.409601 0.002818 
748 26.410927 0.000000 -5.733110 334.344358 0.012249 -12.671286 0.002083 
749 35.135914 0.000000 -0.698917 334.836532 -0.004326 -9.379779 -0.000206 
750 38.044243 0.000000 -0.698917 334.854542 -0.003705 -9.294101 -0.000299 
751 35.135914 0.000000 2.177764 334.913941 -0.000984 -7.055534 -0.000328 
752 30.773420 0.000000 -2.137258 334.728701 -0.005997 -11.315188 0.000080 
753 32.227585 0.000000 -2.137258 334.755623 -0.007795 -11.232210 -0.000064 
754 30.773420 0.000000 -0.698917 334.799180 -0.002383 -9.572892 -0.000016 
755 24.229680 0.000000 -2.856428 334.420739 -0.007480 -12.989550 0.001555 
756 24.956762 0.000000 -2.856428 334.462920 -0.007351 -13.122054 0.001272 
757 24.229680 0.000000 -2.137258 334.523014 -0.005804 -12.015498 0.001162 
758 25.683845 0.000000 -2.856428 334.505222 -0.007325 -13.011190 0.001046 
759 26.410927 0.000000 -2.856428 334.539242 -0.007391 -12.915665 0.000865 
760 25.683845 0.000000 -2.137258 334.583931 -0.006038 -11.858458 0.000832 
761 27.138009 0.000000 -5.733110 334.393499 0.012586 -12.635351 0.001798 
762 27.138009 0.000000 -6.452280 334.376211 0.008515 -11.338226 0.002178 
763 27.138009 0.000000 -2.856428 334.567738 -0.007537 -12.831012 0.000714 
764 27.865091 0.000000 -2.856428 334.597511 -0.007727 -12.737928 0.000558 
765 27.138009 0.000000 -2.137258 334.631867 -0.006455 -11.687162 0.000582 
766 28.592174 0.000000 -2.856428 334.620874 -0.006426 -12.696160 0.000428 
767 29.319256 0.000000 -2.856428 334.646310 -0.006739 -12.598208 0.000298 
768 28.592174 0.000000 -2.137258 334.675638 -0.004409 -11.555083 0.000348 
769 -130.638840 0.000000 -141.656309 334.923232 -0.000001 -1.267904 0.000046 
770 -177.172104 0.000000 -141.656309 334.926288 -0.000001 -1.267353 0.000028 
771 -130.638840 0.000000 -187.683212 334.924583 -0.000001 -1.269304 0.000038 
772 -60.838943 0.000000 -72.615954 334.899870 -0.000004 -1.265277 0.000186 
773 -84.105575 0.000000 -72.615954 334.911928 -0.000003 -1.262616 0.000114 
774 -60.838943 0.000000 -95.629405 334.905570 -0.000003 -1.270394 0.000152 
775 -25.938995 0.000000 -38.095776 334.807017 -0.000006 -1.261635 0.000740 
776 -37.572311 0.000000 -38.095776 334.852842 -0.000007 -1.248145 0.000467 
777 -25.938995 0.000000 -49.602502 334.831219 -0.000006 -1.278638 0.000595 
778 -8.489021 0.000000 -20.835687 334.466687 0.000040 -1.280983 0.002770 
779 -14.305679 0.000000 -20.835687 334.619136 0.000009 -1.217574 0.001862 
780 -8.489021 0.000000 -26.589050 334.561025 0.000026 -1.329311 0.002206 
781 0.235966 0.000000 -12.205643 333.457615 -0.003859 -1.508624 0.008772 
782 -2.672363 0.000000 -12.205643 333.824303 -0.001400 -1.232615 0.006598 
783 0.235966 0.000000 -15.082325 333.761827 -0.002115 -1.577061 0.006961 
784 4.598459 0.000000 -7.890621 331.607817 -0.014153 -2.707802 0.019694 
785 3.144295 0.000000 -7.890621 331.806464 -0.013334 -1.813229 0.018555 
786 4.598459 0.000000 -9.328962 332.270716 -0.018609 -2.424087 0.015784 
787 6.779706 0.000000 -5.733110 334.622381 -0.003766 -6.732157 0.001452 
788 6.052624 0.000000 -5.733110 331.114977 -0.006515 -7.175657 0.022212 
789 6.779706 0.000000 -6.452280 333.289223 -0.010544 -4.786162 0.009589 
790 9.324494 0.000000 -4.654354 326.441014 0.009368 5.939354 0.049753 
791 8.960953 0.000000 -4.654354 330.019012 0.009105 7.083340 0.028683 
792 9.324494 0.000000 -5.013939 327.686709 0.007193 3.554602 0.042691 
793 8.597412 0.000000 -4.654354 333.883567 0.008796 7.535415 0.005753 
794 8.233870 0.000000 -4.654354 338.464989 0.008200 6.825214 -0.021615 
795 8.597412 0.000000 -5.013939 333.658346 0.006414 4.315483 0.007433 
796 5.325541 0.000000 -5.733110 329.078342 -0.006534 -5.206737 0.034415 
797 4.598459 0.000000 -5.733110 328.920407 -0.006330 -3.148589 0.035495 
798 5.325541 0.000000 -6.452280 330.646495 -0.009576 -4.261742 0.025273 
799 7.870329 0.000000 -4.654354 342.733060 0.010227 14.475387 -0.048985 
800 7.506788 0.000000 -4.654354 354.144258 0.015880 4.701445 -0.118202 
801 7.870329 0.000000 -5.013939 340.076483 0.005073 1.052060 -0.030957 
802 7.143247 0.000000 -4.654354 366.879538 0.017830 -16.922947 -0.202412 
803 6.779706 0.000000 -4.654354 373.367310 0.016290 -56.664156 -0.271292 
804 7.143247 0.000000 -5.013939 341.893205 0.002532 -7.819175 -0.042536 
1 19 21 3 22 
2 20 19 22 9 
3 28 20 9 30 
4 29 28 30 4 
5 35 37 19 38 
6 36 35 38 20 
7 44 36 20 46 
8 45 44 46 28 
9 51 53 35 54 
10 52 51 54 36 
11 60 52 36 62 
12 61 60 62 44 
13 67 69 51 70 
14 68 67 70 52 
15 76 68 52 78 
16 77 76 78 60 
17 83 85 67 86 
18 84 83 86 68 
19 92 84 68 94 
20 93 92 94 76 
21 99 101 83 102 
22 100 99 102 84 
23 10 109 108 26 
24 109 13 110 108 
25 108 110 8 111 
26 26 108 111 14 
27 23 113 112 42 
28 113 26 114 112 
29 112 114 14 115 
30 42 112 115 27 
31 117 42 118 116 
32 116 118 27 119 
33 132 100 84 134 
34 133 132 134 92 
35 135 137 99 138 
36 136 135 138 100 
37 14 111 144 37 
38 111 8 145 144 
39 144 145 21 146 
40 37 144 146 19 
41 27 115 147 53 
42 115 14 148 147 
43 147 148 37 149 
44 53 147 149 35 
45 119 27 151 150 
46 150 151 53 152 
47 69 150 152 51 
48 153 154 69 155 
49 85 153 155 67 
50 156 157 85 158 
51 101 156 158 83 
52 159 160 101 161 
53 137 159 161 99 
54 166 168 137 169 
55 167 166 169 135 
56 140 185 183 184 
57 184 183 186 107 
58 187 188 159 189 
59 168 187 189 137 
60 190 192 168 193 
61 191 190 193 166 
62 199 136 100 201 
63 200 199 201 132 
64 202 167 135 204 
65 203 202 204 136 
66 107 186 205 206 
67 205 191 166 207 
68 206 205 207 167 
69 183 210 208 209 
70 209 208 211 186 
71 143 198 212 213 
72 198 174 214 212 
73 212 214 190 215 
74 213 212 215 191 
75 195 218 216 217 
76 216 219 198 220 
77 217 216 220 143 
78 179 223 221 222 
79 223 140 184 221 
80 221 184 107 224 
81 222 221 224 182 
82 229 203 136 231 
83 230 229 231 199 
84 225 234 232 233 
85 234 180 235 232 
86 232 235 5 236 
87 233 232 236 228 
88 16 239 237 238 
89 239 15 32 237 
90 237 32 18 240 
91 238 237 240 6 
92 32 243 241 242 
93 243 31 48 241 
94 241 48 34 244 
95 242 241 244 18 
96 48 247 245 246 
97 247 47 64 245 
98 245 64 50 248 
99 246 245 248 34 
100 64 251 249 250 
101 251 63 80 249 
102 249 80 66 252 
103 250 249 252 50 
104 80 255 253 254 
105 255 79 96 253 
106 253 96 82 256 
107 254 253 256 66 
108 96 259 257 258 
109 258 257 260 82 
110 176 263 261 262 
111 6 240 265 266 
112 240 18 45 265 
113 265 45 28 267 
114 266 265 267 29 
115 18 244 268 269 
116 244 34 61 268 
117 268 61 44 270 
118 269 268 270 45 
119 34 248 271 272 
120 248 50 77 271 
121 271 77 60 273 
122 272 271 273 61 
123 50 252 274 275 
124 252 66 93 274 
125 274 93 76 276 
126 275 274 276 77 
127 66 256 277 278 
128 256 82 133 277 
129 277 133 92 279 
130 278 277 279 93 
131 82 260 280 281 
132 280 200 132 282 
133 281 280 282 133 
134 283 230 199 285 
135 284 283 285 200 
136 261 288 286 287 
137 288 226 289 286 
138 226 292 291 289 
139 292 225 233 291 
140 291 233 228 293 
141 289 291 293 178 
142 294 296 230 297 
143 295 294 297 283 
144 286 300 298 299 
145 300 289 301 298 
146 298 301 178 302 
147 299 298 302 290 
148 257 305 303 304 
149 305 176 262 303 
150 304 303 306 260 
151 262 309 307 308 
152 309 261 287 307 
153 260 306 311 312 
154 311 284 200 313 
155 312 311 313 280 
156 314 295 283 316 
157 315 314 316 284 
158 307 319 317 318 
159 319 287 320 317 
160 317 320 264 321 
161 303 324 322 323 
162 324 262 308 322 
163 322 308 98 325 
164 323 322 325 306 
165 308 328 326 327 
166 328 307 318 326 
167 326 318 310 329 
168 327 326 329 98 
169 310 321 330 331 
170 321 264 332 330 
171 330 332 295 333 
172 331 330 333 314 
173 318 336 334 335 
174 336 317 337 334 
175 334 337 321 338 
176 335 334 338 310 
177 264 340 339 332 
178 340 290 341 339 
179 339 341 294 342 
180 332 339 342 295 
181 228 236 343 344 
182 236 5 345 343 
183 343 345 203 346 
184 344 343 346 229 
185 182 224 347 348 
186 224 107 206 347 
187 347 206 167 349 
188 348 347 349 202 
189 186 211 350 351 
190 211 143 213 350 
191 350 213 191 352 
192 351 350 352 205 
193 208 355 353 354 
194 355 195 217 353 
195 353 217 143 356 
196 354 353 356 211 
197 7 359 357 358 
198 359 12 360 357 
199 357 360 10 25 
200 358 357 25 11 
201 11 363 361 362 
202 363 25 364 361 
203 361 364 23 41 
204 362 361 41 24 
205 24 367 365 366 
206 367 41 368 365 
207 365 368 39 57 
208 366 365 57 40 
209 40 371 369 370 
210 371 57 372 369 
211 369 372 55 73 
212 370 369 73 56 
213 56 375 373 374 
214 375 73 376 373 
215 373 376 71 89 
216 374 373 89 72 
217 72 379 377 378 
218 379 89 380 377 
219 377 380 87 105 
220 378 377 105 88 
221 105 383 381 382 
222 383 87 384 381 
223 381 384 106 141 
224 382 381 141 103 
225 141 387 385 386 
226 387 106 388 385 
227 385 388 142 172 
228 386 385 172 139 
229 139 391 389 390 
230 391 172 392 389 
231 389 392 170 196 
232 390 389 196 171 
233 171 395 393 394 
234 395 196 396 393 
235 393 396 194 218 
236 394 393 218 195 
237 142 398 397 173 
238 398 162 399 397 
239 397 399 165 400 
240 173 397 400 91 
241 170 402 401 197 
242 402 173 403 401 
243 401 403 91 404 
244 197 401 404 174 
245 194 406 405 219 
246 406 197 407 405 
247 405 407 174 408 
248 219 405 408 198 
249 218 411 409 410 
250 411 194 412 409 
251 409 412 219 413 
252 410 409 413 216 
253 162 423 422 399 
254 423 164 424 422 
255 422 424 131 425 
256 399 422 425 165 
257 426 427 156 428 
258 160 426 428 101 
259 429 430 160 431 
260 188 429 431 159 
261 164 433 432 424 
262 433 418 434 432 
263 424 432 435 131 
264 130 437 436 420 
265 437 414 438 436 
266 436 438 417 439 
267 420 436 439 75 
268 418 441 440 434 
269 441 420 442 440 
270 440 442 75 443 
271 434 440 443 421 
272 131 435 444 445 
273 435 421 446 444 
274 444 446 429 447 
275 445 444 447 188 
276 432 450 448 449 
277 450 434 451 448 
278 448 451 421 452 
279 449 448 452 435 
280 414 462 461 438 
281 462 416 463 461 
282 461 463 127 464 
283 465 466 153 467 
284 157 465 467 85 
285 468 469 157 470 
286 427 468 470 156 
287 417 464 471 472 
288 464 127 473 471 
289 471 473 427 474 
290 472 471 474 426 
291 438 477 475 476 
292 477 461 478 475 
293 475 478 464 479 
294 476 475 479 417 
295 416 481 480 463 
296 481 457 482 480 
297 480 482 460 483 
298 463 480 483 127 
299 457 489 488 482 
300 489 459 490 488 
301 482 488 491 460 
302 492 493 465 494 
303 469 492 494 157 
304 459 496 495 490 
305 496 484 497 495 
306 495 497 487 498 
307 490 495 498 59 
308 460 491 499 500 
309 491 59 501 499 
310 499 501 469 502 
311 500 499 502 468 
312 488 505 503 504 
313 505 490 506 503 
314 503 506 59 507 
315 504 503 507 491 
316 509 116 510 508 
317 508 510 119 511 
318 484 521 520 497 
319 521 486 522 520 
320 520 522 456 523 
321 497 520 523 487 
322 511 119 525 524 
323 524 525 150 526 
324 154 524 526 69 
325 527 528 154 529 
326 466 527 529 153 
327 530 531 466 532 
328 493 530 532 465 
329 534 516 535 533 
330 533 535 519 536 
331 522 533 536 456 
332 57 538 537 372 
333 538 39 539 537 
334 537 539 58 121 
335 372 537 121 55 
336 55 542 540 541 
337 542 121 543 540 
338 540 543 120 454 
339 541 540 454 74 
340 454 546 544 545 
341 546 120 547 544 
342 544 547 455 517 
343 545 544 517 453 
344 453 550 548 549 
345 550 517 551 548 
346 548 551 516 534 
347 549 548 534 486 
348 486 554 552 553 
349 554 534 555 552 
350 552 555 533 556 
351 553 552 556 522 
352 516 562 561 535 
353 562 518 563 561 
354 561 563 123 564 
355 535 561 564 519 
356 565 566 527 567 
357 531 565 567 466 
358 518 569 568 563 
359 569 557 570 568 
360 568 570 560 571 
361 563 568 571 123 
362 122 573 572 514 
363 573 508 574 572 
364 572 574 511 575 
365 514 572 575 43 
366 512 577 576 559 
367 577 514 578 576 
368 576 578 43 579 
369 559 576 579 515 
370 581 559 582 580 
371 580 582 515 583 
372 570 580 583 560 
373 121 585 584 543 
374 585 58 586 584 
375 584 586 122 513 
376 543 584 513 120 
377 120 588 587 547 
378 588 513 589 587 
379 587 589 512 558 
380 547 587 558 455 
381 558 592 590 591 
382 592 512 593 590 
383 590 593 559 581 
384 591 590 581 557 
385 557 596 594 595 
386 596 581 597 594 
387 594 597 580 598 
388 595 594 598 570 
389 12 600 599 360 
390 600 2 601 599 
391 599 601 13 109 
392 360 599 109 10 
393 17 604 602 603 
394 604 7 358 602 
395 602 358 11 33 
396 603 602 33 15 
397 25 606 605 364 
398 606 10 607 605 
399 605 607 26 113 
400 364 605 113 23 
401 33 610 608 609 
402 610 11 362 608 
403 608 362 24 49 
404 609 608 49 31 
405 41 612 611 368 
406 612 23 613 611 
407 611 613 42 117 
408 368 611 117 39 
409 49 616 614 615 
410 616 24 366 614 
411 614 366 40 65 
412 615 614 65 47 
413 65 619 617 618 
414 619 40 370 617 
415 617 370 56 81 
416 618 617 81 63 
417 73 621 620 376 
418 621 55 541 620 
419 620 541 74 125 
420 376 620 125 71 
421 81 624 622 623 
422 624 56 374 622 
423 622 374 72 97 
424 623 622 97 79 
425 89 626 625 380 
426 626 71 627 625 
427 625 627 90 129 
428 380 625 129 87 
429 97 630 628 629 
430 630 72 378 628 
431 628 378 88 177 
432 629 628 177 95 
433 88 633 631 632 
434 633 105 382 631 
435 631 382 103 181 
436 632 631 181 104 
437 39 635 634 539 
438 635 117 636 634 
439 634 636 116 509 
440 539 634 509 58 
441 71 638 637 627 
442 638 125 639 637 
443 637 639 124 415 
444 627 637 415 90 
445 125 641 640 639 
446 641 74 642 640 
447 640 642 126 458 
448 639 640 458 124 
449 87 644 643 384 
450 644 129 645 643 
451 643 645 128 163 
452 384 643 163 106 
453 129 647 646 645 
454 647 90 648 646 
455 646 648 130 419 
456 645 646 419 128 
457 103 651 649 650 
458 651 141 386 649 
459 649 386 139 185 
460 650 649 185 140 
461 106 653 652 388 
462 653 163 654 652 
463 652 654 162 398 
464 388 652 398 142 
465 163 656 655 654 
466 656 128 657 655 
467 655 657 164 423 
468 654 655 423 162 
469 172 659 658 392 
470 659 142 660 658 
471 658 660 173 402 
472 392 658 402 170 
473 177 663 661 662 
474 663 88 632 661 
475 661 632 104 227 
476 662 661 227 175 
477 181 666 664 665 
478 666 103 650 664 
479 664 650 140 223 
480 665 664 223 179 
481 180 668 667 235 
482 668 179 222 667 
483 667 222 182 669 
484 235 667 669 5 
485 185 672 670 671 
486 672 139 390 670 
487 670 390 171 210 
488 671 670 210 183 
489 91 400 673 192 
490 400 165 674 673 
491 673 674 187 675 
492 192 673 675 168 
493 165 425 676 674 
494 425 131 445 676 
495 676 445 188 677 
496 674 676 677 187 
497 174 404 678 214 
498 404 91 679 678 
499 678 679 192 680 
500 214 678 680 190 
501 196 682 681 396 
502 682 170 683 681 
503 681 683 197 406 
504 396 681 406 194 
505 5 669 684 345 
506 669 182 348 684 
507 684 348 202 685 
508 345 684 685 203 
509 210 688 686 687 
510 688 171 394 686 
511 686 394 195 355 
512 687 686 355 208 
513 178 293 689 296 
514 293 228 344 689 
515 689 344 229 690 
516 296 689 690 230 
517 287 692 691 320 
518 692 286 299 691 
519 691 299 290 340 
520 320 691 340 264 
521 290 302 693 341 
522 302 178 694 693 
523 693 694 296 695 
524 341 693 695 294 
525 306 325 696 697 
526 325 98 315 696 
527 696 315 284 698 
528 697 696 698 311 
529 98 329 699 700 
530 329 310 331 699 
531 699 331 314 701 
532 700 699 701 315 
533 90 703 702 648 
534 703 415 704 702 
535 702 704 414 437 
536 648 702 437 130 
537 415 706 705 704 
538 706 124 707 705 
539 705 707 416 462 
540 704 705 462 414 
541 128 709 708 657 
542 709 419 710 708 
543 708 710 418 433 
544 657 708 433 164 
545 419 712 711 710 
546 712 130 713 711 
547 711 713 420 441 
548 710 711 441 418 
549 75 439 714 430 
550 439 417 472 714 
551 714 472 426 715 
552 430 714 715 160 
553 421 443 716 446 
554 443 75 717 716 
555 716 717 430 718 
556 446 716 718 429 
557 74 720 719 642 
558 720 454 545 719 
559 719 545 453 485 
560 642 719 485 126 
561 124 722 721 707 
562 722 458 723 721 
563 721 723 457 481 
564 707 721 481 416 
565 458 725 724 723 
566 725 126 726 724 
567 724 726 459 489 
568 723 724 489 457 
569 127 483 727 473 
570 483 460 500 727 
571 727 500 468 728 
572 473 727 728 427 
573 126 730 729 726 
574 730 485 731 729 
575 729 731 484 496 
576 726 729 496 459 
577 485 733 732 731 
578 733 453 549 732 
579 732 549 486 521 
580 731 732 521 484 
581 59 498 734 501 
582 498 487 735 734 
583 734 735 492 736 
584 501 734 736 469 
585 487 523 737 735 
586 523 456 738 737 
587 737 738 493 739 
588 735 737 739 492 
589 58 741 740 586 
590 741 509 742 740 
591 740 742 508 573 
592 586 740 573 122 
593 513 744 743 589 
594 744 122 745 743 
595 743 745 514 577 
596 589 743 577 512 
597 517 747 746 551 
598 747 455 748 746 
599 746 748 518 562 
600 551 746 562 516 
601 43 575 749 528 
602 575 511 750 749 
603 749 750 524 751 
604 528 749 751 154 
605 515 579 752 566 
606 579 43 753 752 
607 752 753 528 754 
608 566 752 754 527 
609 456 536 755 738 
610 536 519 756 755 
611 755 756 530 757 
612 738 755 757 493 
613 519 564 758 756 
614 564 123 759 758 
615 758 759 531 760 
616 756 758 760 530 
617 455 762 761 748 
618 762 558 591 761 
619 761 591 557 569 
620 748 761 569 518 
621 123 571 763 759 
622 571 560 764 763 
623 763 764 565 765 
624 759 763 765 531 
625 560 583 766 764 
626 583 515 767 766 
627 766 767 566 768 
628 764 766 768 565 
629 1 771 769 770 
630 771 17 603 769 
631 769 603 15 239 
632 770 769 239 16 
633 15 774 772 773 
634 774 33 609 772 
635 772 609 31 243 
636 773 772 243 32 
637 31 777 775 776 
638 777 49 615 775 
639 775 615 47 247 
640 776 775 247 48 
641 47 780 778 779 
642 780 65 618 778 
643 778 618 63 251 
644 779 778 251 64 
645 63 783 781 782 
646 783 81 623 781 
647 781 623 79 255 
648 782 781 255 80 
649 79 786 784 785 
650 786 97 629 784 
651 784 629 95 259 
652 785 784 259 96 
653 95 789 787 788 
654 789 177 662 787 
655 787 662 175 263 
656 788 787 263 176 
657 104 792 790 791 
658 792 181 665 790 
659 790 665 179 668 
660 791 790 668 180 
661 227 795 793 794 
662 795 104 791 793 
663 793 791 180 234 
664 794 793 234 225 
665 259 798 796 797 
666 798 95 788 796 
667 796 788 176 305 
668 797 796 305 257 
669 175 801 799 800 
670 801 227 794 799 
671 799 794 225 292 
672 800 799 292 226 
673 263 804 802 803 
674 804 175 800 802 
675 802 800 226 288 
676 803 802 288 261 
